# 2458059.26239
3807.4897  7.1860e-15  2.0202e-16
3809.2826  6.9240e-15  1.9872e-16
3811.0755  6.3003e-15  1.9263e-16
3812.8684  5.6599e-15  1.8610e-16
3814.6612  5.1556e-15  1.8045e-16
3816.4541  4.7444e-15  1.7601e-16
3818.2470  4.3670e-15  1.7195e-16
3820.0398  4.0942e-15  1.6837e-16
3821.8327  4.0789e-15  1.6683e-16
3823.6256  4.1837e-15  1.6619e-16
3825.4185  4.1295e-15  1.6470e-16
3827.2113  4.0261e-15  1.6316e-16
3829.0042  4.1027e-15  1.6295e-16
3830.7971  4.2427e-15  1.6340e-16
3832.5900  4.2842e-15  1.6347e-16
3834.3828  4.3313e-15  1.6391e-16
3836.1757  4.4577e-15  1.6487e-16
3837.9686  4.4916e-15  1.6513e-16
3839.7614  4.4832e-15  1.6527e-16
3841.5543  4.4449e-15  1.6552e-16
3843.3472  4.3542e-15  1.6555e-16
3845.1401  4.3022e-15  1.6553e-16
3846.9329  4.2837e-15  1.6533e-16
3848.7258  4.2352e-15  1.6419e-16
3850.5187  4.0944e-15  1.6196e-16
3852.3115  3.9826e-15  1.6024e-16
3854.1044  3.9491e-15  1.5929e-16
3855.8973  3.9281e-15  1.5845e-16
3857.6902  3.8182e-15  1.5734e-16
3859.4830  3.6657e-15  1.5615e-16
3861.2759  3.7132e-15  1.5613e-16
3863.0688  3.7852e-15  1.5614e-16
3864.8616  3.7074e-15  1.5512e-16
3866.6545  3.6847e-15  1.5458e-16
3868.4474  3.7213e-15  1.5448e-16
3870.2403  3.6739e-15  1.5368e-16
3872.0331  3.5697e-15  1.5233e-16
3873.8260  3.6113e-15  1.5188e-16
3875.6189  3.8334e-15  1.5273e-16
3877.4118  3.8805e-15  1.5292e-16
3879.2046  3.8168e-15  1.5234e-16
3880.9975  3.8952e-15  1.5185e-16
3882.7904  3.8336e-15  1.5088e-16
3884.5832  3.6739e-15  1.5039e-16
3886.3761  3.6674e-15  1.5076e-16
3888.1690  3.6977e-15  1.5080e-16
3889.9619  3.7206e-15  1.5095e-16
3891.7547  3.7548e-15  1.5171e-16
3893.5476  3.7278e-15  1.5202e-16
3895.3405  3.7737e-15  1.5270e-16
3897.1333  3.7179e-15  1.5253e-16
3898.9262  3.5386e-15  1.5076e-16
3900.7191  3.5577e-15  1.5045e-16
3902.5120  3.5989e-15  1.5117e-16
3904.3048  3.4871e-15  1.5088e-16
3906.0977  3.3626e-15  1.5031e-16
3907.8906  3.4212e-15  1.5079e-16
3909.6834  3.5719e-15  1.5153e-16
3911.4763  3.6053e-15  1.5142e-16
3913.2692  3.6087e-15  1.5086e-16
3915.0621  3.6659e-15  1.5034e-16
3916.8549  3.6482e-15  1.4942e-16
3918.6478  3.6484e-15  1.4839e-16
3920.4407  3.7549e-15  1.4738e-16
3922.2336  3.7279e-15  1.4520e-16
3924.0264  3.6267e-15  1.4238e-16
3925.8193  3.6275e-15  1.4002e-16
3927.6122  3.5482e-15  1.3768e-16
3929.4050  3.5227e-15  1.3581e-16
3931.1979  3.6354e-15  1.3525e-16
3932.9908  3.6076e-15  1.3488e-16
3934.7837  3.5291e-15  1.3464e-16
3936.5765  3.5160e-15  1.3513e-16
3938.3694  3.5629e-15  1.3669e-16
3940.1623  3.7175e-15  1.3970e-16
3941.9551  3.8456e-15  1.4233e-16
3943.7480  4.0491e-15  1.4489e-16
3945.5409  4.3260e-15  1.4748e-16
3947.3338  4.7770e-15  1.5123e-16
3949.1266  5.4089e-15  1.5593e-16
3950.9195  5.8675e-15  1.5900e-16
3952.7124  5.9551e-15  1.5951e-16
3954.5052  5.8436e-15  1.5808e-16
3956.2981  5.6966e-15  1.5554e-16
3958.0910  5.4707e-15  1.5224e-16
3959.8839  5.1021e-15  1.4802e-16
3961.6767  4.6780e-15  1.4309e-16
3963.4696  4.3875e-15  1.3896e-16
3965.2625  4.2261e-15  1.3592e-16
3967.0554  4.1512e-15  1.3426e-16
3968.8482  4.2369e-15  1.3480e-16
3970.6411  4.4436e-15  1.3688e-16
3972.4340  4.5416e-15  1.3910e-16
3974.2268  4.3550e-15  1.4011e-16
3976.0197  4.2065e-15  1.4109e-16
3977.8126  4.4022e-15  1.4362e-16
3979.6055  4.4934e-15  1.4504e-16
3981.3983  4.1759e-15  1.4423e-16
3983.1912  3.9766e-15  1.4422e-16
3984.9841  4.0016e-15  1.4439e-16
3986.7769  3.9251e-15  1.4372e-16
3988.5698  3.9675e-15  1.4422e-16
3990.3627  3.9998e-15  1.4401e-16
3992.1556  3.8678e-15  1.4320e-16
3993.9484  3.8586e-15  1.4299e-16
3995.7413  3.8510e-15  1.4245e-16
3997.5342  3.7335e-15  1.4186e-16
3999.3270  3.6717e-15  1.4142e-16
4001.1199  3.7205e-15  1.4138e-16
4002.9128  3.7277e-15  1.4108e-16
4004.7057  3.7397e-15  1.4098e-16
4006.4985  3.7088e-15  1.4098e-16
4008.2914  3.6545e-15  1.4065e-16
4010.0843  3.5757e-15  1.3990e-16
4011.8772  3.4519e-15  1.3907e-16
4013.6700  3.5275e-15  1.3937e-16
4015.4629  3.5295e-15  1.3906e-16
4017.2558  3.4247e-15  1.3830e-16
4019.0486  3.2994e-15  1.3749e-16
4020.8415  3.2311e-15  1.3654e-16
4022.6344  3.1687e-15  1.3533e-16
4024.4273  3.1837e-15  1.3485e-16
4026.2201  3.3346e-15  1.3527e-16
4028.0130  3.4106e-15  1.3498e-16
4029.8059  3.4142e-15  1.3427e-16
4031.5987  3.4221e-15  1.3386e-16
4033.3916  3.4632e-15  1.3390e-16
4035.1845  3.4892e-15  1.3383e-16
4036.9774  3.4206e-15  1.3300e-16
4038.7702  3.3738e-15  1.3246e-16
4040.5631  3.3761e-15  1.3237e-16
4042.3560  3.4348e-15  1.3236e-16
4044.1488  3.5846e-15  1.3276e-16
4045.9417  3.7089e-15  1.3300e-16
4047.7346  3.7951e-15  1.3303e-16
4049.5275  3.8888e-15  1.3325e-16
4051.3203  4.0515e-15  1.3372e-16
4053.1132  4.2031e-15  1.3397e-16
4054.9061  4.2117e-15  1.3372e-16
4056.6989  4.1748e-15  1.3292e-16
4058.4918  4.0803e-15  1.3134e-16
4060.2847  3.9346e-15  1.2970e-16
4062.0776  3.8013e-15  1.2848e-16
4063.8704  3.6549e-15  1.2746e-16
4065.6633  3.5264e-15  1.2637e-16
4067.4562  3.3935e-15  1.2507e-16
4069.2491  3.3397e-15  1.2444e-16
4071.0419  3.3064e-15  1.2428e-16
4072.8348  3.3331e-15  1.2428e-16
4074.6277  3.3849e-15  1.2422e-16
4076.4205  3.2750e-15  1.2342e-16
4078.2134  3.1965e-15  1.2275e-16
4080.0063  3.2258e-15  1.2269e-16
4081.7992  3.2657e-15  1.2292e-16
4083.5920  3.2840e-15  1.2306e-16
4085.3849  3.3120e-15  1.2321e-16
4087.1778  3.3065e-15  1.2310e-16
4088.9706  3.2857e-15  1.2252e-16
4090.7635  3.3270e-15  1.2206e-16
4092.5564  3.3428e-15  1.2138e-16
4094.3493  3.3402e-15  1.2038e-16
4096.1421  3.4318e-15  1.1983e-16
4097.9350  3.5309e-15  1.1932e-16
4099.7279  3.4320e-15  1.1794e-16
4101.5207  3.3151e-15  1.1694e-16
4103.3136  3.3391e-15  1.1682e-16
4105.1065  3.3090e-15  1.1649e-16
4106.8994  3.2797e-15  1.1649e-16
4108.6922  3.3268e-15  1.1714e-16
4110.4851  3.3482e-15  1.1763e-16
4112.2780  3.4102e-15  1.1801e-16
4114.0709  3.4594e-15  1.1814e-16
4115.8637  3.3875e-15  1.1767e-16
4117.6566  3.2650e-15  1.1686e-16
4119.4495  3.2530e-15  1.1655e-16
4121.2423  3.2613e-15  1.1626e-16
4123.0352  3.1603e-15  1.1518e-16
4124.8281  3.1289e-15  1.1441e-16
4126.6210  3.2104e-15  1.1448e-16
4128.4138  3.1940e-15  1.1383e-16
4130.2067  3.2010e-15  1.1294e-16
4131.9996  3.2895e-15  1.1296e-16
4133.7924  3.2424e-15  1.1279e-16
4135.5853  3.2111e-15  1.1251e-16
4137.3782  3.2375e-15  1.1227e-16
4139.1711  3.2386e-15  1.1177e-16
4140.9639  3.1941e-15  1.1130e-16
4142.7568  3.2181e-15  1.1132e-16
4144.5497  3.3217e-15  1.1145e-16
4146.3425  3.3330e-15  1.1094e-16
4148.1354  3.3307e-15  1.1038e-16
4149.9283  3.3588e-15  1.1014e-16
4151.7212  3.4009e-15  1.1018e-16
4153.5140  3.4797e-15  1.1046e-16
4155.3069  3.5328e-15  1.1035e-16
4157.0998  3.5407e-15  1.1004e-16
4158.8927  3.5586e-15  1.1011e-16
4160.6855  3.5892e-15  1.1043e-16
4162.4784  3.6137e-15  1.1048e-16
4164.2713  3.6128e-15  1.1004e-16
4166.0641  3.5233e-15  1.0913e-16
4167.8570  3.3908e-15  1.0803e-16
4169.6499  3.3117e-15  1.0712e-16
4171.4428  3.3609e-15  1.0666e-16
4173.2356  3.3380e-15  1.0580e-16
4175.0285  3.2403e-15  1.0485e-16
4176.8214  3.3187e-15  1.0481e-16
4178.6142  3.5053e-15  1.0514e-16
4180.4071  3.6152e-15  1.0514e-16
4182.2000  3.6528e-15  1.0505e-16
4183.9929  3.6706e-15  1.0516e-16
4185.7857  3.7531e-15  1.0569e-16
4187.5786  3.7720e-15  1.0564e-16
4189.3715  3.7548e-15  1.0496e-16
4191.1643  3.8435e-15  1.0501e-16
4192.9572  3.8183e-15  1.0468e-16
4194.7501  3.8411e-15  1.0427e-16
4196.5430  3.7901e-15  1.0325e-16
4198.3358  3.6020e-15  1.0170e-16
4200.1287  3.5840e-15  1.0127e-16
4201.9216  3.5521e-15  1.0079e-16
4203.7145  3.5080e-15  1.0062e-16
4205.5073  3.4770e-15  1.0049e-16
4207.3002  3.4121e-15  1.0020e-16
4209.0931  3.4219e-15  1.0026e-16
4210.8859  3.4884e-15  1.0028e-16
4212.6788  3.3585e-15  9.9693e-17
4214.4717  3.1718e-15  9.8509e-17
4216.2646  3.1638e-15  9.7903e-17
4218.0574  3.2353e-15  9.7898e-17
4219.8503  3.2370e-15  9.7067e-17
4221.6432  3.1602e-15  9.5784e-17
4223.4360  3.2029e-15  9.5509e-17
4225.2289  3.2041e-15  9.6339e-17
4227.0218  3.2305e-15  9.6056e-17
4228.8147  3.2877e-15  9.4666e-17
4230.6075  3.2580e-15  9.6756e-17
4232.4004  3.3019e-15  9.7048e-17
4234.1933  3.2367e-15  1.0009e-16
4235.9861  3.0750e-15  9.9775e-17
4237.7790  3.0863e-15  9.3802e-17
4239.5719  3.1016e-15  9.2863e-17
4241.3648  3.1119e-15  9.2467e-17
4243.1576  3.0517e-15  9.1965e-17
4244.9505  3.0097e-15  9.1568e-17
4246.7434  3.0706e-15  9.1691e-17
4248.5362  3.0671e-15  9.1582e-17
4250.3291  3.1082e-15  9.1484e-17
4252.1220  3.0726e-15  9.0939e-17
4253.9149  2.9509e-15  9.0088e-17
4255.7077  2.8443e-15  8.9131e-17
4257.5006  2.8978e-15  8.8808e-17
4259.2935  2.9564e-15  8.8947e-17
4261.0864  2.9156e-15  8.8876e-17
4262.8792  2.8986e-15  8.8610e-17
4264.6721  2.8326e-15  8.7780e-17
4266.4650  2.8272e-15  8.7135e-17
4268.2578  2.8743e-15  8.6906e-17
4270.0507  2.9528e-15  8.6954e-17
4271.8436  2.9824e-15  8.6872e-17
4273.6365  2.9142e-15  8.6347e-17
4275.4293  2.8547e-15  8.5697e-17
4277.2222  2.8507e-15  8.5361e-17
4279.0151  2.8723e-15  8.5362e-17
4280.8079  2.8705e-15  8.5405e-17
4282.6008  2.8180e-15  8.5044e-17
4284.3937  2.8277e-15  8.4825e-17
4286.1866  2.8983e-15  8.4744e-17
4287.9794  2.8933e-15  8.4229e-17
4289.7723  2.9071e-15  8.3920e-17
4291.5652  2.9656e-15  8.3660e-17
4293.3580  2.9610e-15  8.2925e-17
4295.1509  2.9276e-15  8.1993e-17
4296.9438  2.9181e-15  8.1293e-17
4298.7367  2.9359e-15  8.0972e-17
4300.5295  3.0069e-15  8.0744e-17
4302.3224  3.0034e-15  7.9959e-17
4304.1153  2.9135e-15  7.8914e-17
4305.9082  2.8945e-15  7.8377e-17
4307.7010  2.8666e-15  7.8295e-17
4309.4939  2.8138e-15  7.8697e-17
4311.2868  2.8191e-15  7.9454e-17
4313.0796  2.8447e-15  8.0274e-17
4314.8725  2.8329e-15  8.0998e-17
4316.6654  2.8287e-15  8.1487e-17
4318.4583  2.8987e-15  8.1957e-17
4320.2511  2.9385e-15  8.2183e-17
4322.0440  2.8899e-15  8.1872e-17
4323.8369  2.8666e-15  8.1680e-17
4325.6297  2.9522e-15  8.2005e-17
4327.4226  3.0120e-15  8.2017e-17
4329.2155  2.9615e-15  8.1457e-17
4331.0084  2.9569e-15  8.1155e-17
4332.8012  2.9827e-15  8.1028e-17
4334.5941  2.9369e-15  8.0583e-17
4336.3870  2.9484e-15  8.0333e-17
4338.1798  2.9941e-15  8.0205e-17
4339.9727  2.9393e-15  7.9634e-17
4341.7656  2.9055e-15  7.9191e-17
4343.5585  2.9291e-15  7.9083e-17
4345.3513  2.9259e-15  7.8986e-17
4347.1442  2.9214e-15  7.9020e-17
4348.9371  2.8956e-15  7.9145e-17
4350.7300  2.8891e-15  7.9539e-17
4352.5228  2.9739e-15  8.0219e-17
4354.3157  3.0614e-15  8.0664e-17
4356.1086  3.1184e-15  8.0964e-17
4357.9014  3.1192e-15  8.1144e-17
4359.6943  3.0493e-15  8.0842e-17
4361.4872  2.9963e-15  8.0520e-17
4363.2801  3.0214e-15  8.0609e-17
4365.0729  3.1157e-15  8.0773e-17
4366.8658  3.1664e-15  8.0533e-17
4368.6587  3.0971e-15  7.9691e-17
4370.4515  3.1132e-15  7.9251e-17
4372.2444  3.2597e-15  7.9521e-17
4374.0373  3.2752e-15  7.9408e-17
4375.8302  3.2806e-15  7.9258e-17
4377.6230  3.3485e-15  7.9197e-17
4379.4159  3.3448e-15  7.8656e-17
4381.2088  3.3503e-15  7.8281e-17
4383.0016  3.4072e-15  7.8341e-17
4384.7945  3.3916e-15  7.8098e-17
4386.5874  3.3346e-15  7.7687e-17
4388.3803  3.3768e-15  7.7681e-17
4390.1731  3.4291e-15  7.7832e-17
4391.9660  3.3858e-15  7.7781e-17
4393.7589  3.2879e-15  7.7523e-17
4395.5518  3.2558e-15  7.7485e-17
4397.3446  3.2452e-15  7.7325e-17
4399.1375  3.2884e-15  7.7237e-17
4400.9304  3.3791e-15  7.7490e-17
4402.7232  3.3960e-15  7.7594e-17
4404.5161  3.3531e-15  7.7482e-17
4406.3090  3.3743e-15  7.7662e-17
4408.1019  3.4474e-15  7.8151e-17
4409.8947  3.4383e-15  7.8201e-17
4411.6876  3.4447e-15  7.8166e-17
4413.4805  3.5774e-15  7.8876e-17
4415.2733  3.7015e-15  7.9664e-17
4417.0662  3.7844e-15  8.0125e-17
4418.8591  3.8199e-15  8.0068e-17
4420.6520  3.7736e-15  7.9701e-17
4422.4448  3.7980e-15  7.9801e-17
4424.2377  3.8967e-15  8.0147e-17
4426.0306  3.9705e-15  8.0439e-17
4427.8234  4.0874e-15  8.0780e-17
4429.6163  4.2535e-15  8.1375e-17
4431.4092  4.4917e-15  8.2227e-17
4433.2021  4.6517e-15  8.2676e-17
4434.9949  4.6344e-15  8.2596e-17
4436.7878  4.6633e-15  8.2635e-17
4438.5807  4.6397e-15  8.2281e-17
4440.3735  4.5628e-15  8.1754e-17
4442.1664  4.4643e-15  8.1299e-17
4443.9593  4.2985e-15  8.0649e-17
4445.7522  4.2293e-15  8.0257e-17
4447.5450  4.1640e-15  7.9755e-17
4449.3379  4.0472e-15  7.9063e-17
4451.1308  4.1070e-15  7.9074e-17
4452.9237  4.3174e-15  7.9722e-17
4454.7165  4.3845e-15  7.9779e-17
4456.5094  4.3586e-15  7.9509e-17
4458.3023  4.4311e-15  7.9671e-17
4460.0951  4.4716e-15  7.9609e-17
4461.8880  4.4792e-15  7.9444e-17
4463.6809  4.4183e-15  7.9242e-17
4465.4738  4.2384e-15  7.8656e-17
4467.2666  4.0279e-15  7.7604e-17
4469.0595  3.8953e-15  7.7077e-17
4470.8524  3.7512e-15  7.6685e-17
4472.6452  3.5854e-15  7.6018e-17
4474.4381  3.5319e-15  7.5635e-17
4476.2310  3.4067e-15  7.4935e-17
4478.0239  3.3434e-15  7.4568e-17
4479.8167  3.3810e-15  7.4699e-17
4481.6096  3.3900e-15  7.4693e-17
4483.4025  3.4455e-15  7.4632e-17
4485.1953  3.3872e-15  7.4242e-17
4486.9882  3.3168e-15  7.4008e-17
4488.7811  3.3693e-15  7.4165e-17
4490.5740  3.3653e-15  7.4029e-17
4492.3668  3.3539e-15  7.3936e-17
4494.1597  3.3819e-15  7.3840e-17
4495.9526  3.3763e-15  7.3801e-17
4497.7455  3.3205e-15  7.3797e-17
4499.5383  3.2156e-15  7.3358e-17
4501.3312  3.2359e-15  7.3333e-17
4503.1241  3.2734e-15  7.3448e-17
4504.9169  3.2633e-15  7.3421e-17
4506.7098  3.2824e-15  7.3527e-17
4508.5027  3.2566e-15  7.3512e-17
4510.2956  3.2394e-15  7.3317e-17
4512.0884  3.2298e-15  7.2992e-17
4513.8813  3.2723e-15  7.3018e-17
4515.6742  3.2289e-15  7.2643e-17
4517.4670  3.0785e-15  7.1901e-17
4519.2599  3.1247e-15  7.1919e-17
4521.0528  3.1753e-15  7.1807e-17
4522.8457  3.1186e-15  7.1258e-17
4524.6385  3.0854e-15  7.0899e-17
4526.4314  3.0817e-15  7.0704e-17
4528.2243  3.1140e-15  7.0566e-17
4530.0171  3.0897e-15  7.0152e-17
4531.8100  3.0372e-15  6.9763e-17
4533.6029  3.0634e-15  6.9810e-17
4535.3958  3.1419e-15  7.0137e-17
4537.1886  3.1150e-15  7.0143e-17
4538.9815  3.0439e-15  6.9990e-17
4540.7744  3.0728e-15  7.0153e-17
4542.5673  3.1085e-15  7.0203e-17
4544.3601  3.1049e-15  7.0115e-17
4546.1530  3.0886e-15  6.9988e-17
4547.9459  3.0410e-15  6.9587e-17
4549.7387  3.0132e-15  6.9308e-17
4551.5316  3.0042e-15  6.9134e-17
4553.3245  3.0176e-15  6.8998e-17
4555.1174  3.0042e-15  6.8917e-17
4556.9102  2.9438e-15  6.8691e-17
4558.7031  2.9707e-15  6.8797e-17
4560.4960  3.0645e-15  6.9177e-17
4562.2888  3.1338e-15  6.9341e-17
4564.0817  3.1670e-15  6.9396e-17
4565.8746  3.1481e-15  6.9281e-17
4567.6675  3.1048e-15  6.9043e-17
4569.4603  3.1263e-15  6.9069e-17
4571.2532  3.1956e-15  6.9278e-17
4573.0461  3.2283e-15  6.9341e-17
4574.8389  3.2076e-15  6.9099e-17
4576.6318  3.2257e-15  6.8901e-17
4578.4247  3.2457e-15  6.8800e-17
4580.2176  3.1702e-15  6.8491e-17
4582.0104  3.1342e-15  6.8232e-17
4583.8033  3.1573e-15  6.8029e-17
4585.5962  3.1406e-15  6.7822e-17
4587.3891  3.1212e-15  6.7710e-17
4589.1819  3.1160e-15  6.7506e-17
4590.9748  3.1189e-15  6.7297e-17
4592.7677  3.1454e-15  6.7271e-17
4594.5605  3.1656e-15  6.7254e-17
4596.3534  3.1399e-15  6.7017e-17
4598.1463  3.1193e-15  6.6816e-17
4599.9392  3.1107e-15  6.6708e-17
4601.7320  3.1106e-15  6.6661e-17
4603.5249  3.1440e-15  6.6751e-17
4605.3178  3.1778e-15  6.6801e-17
4607.1106  3.1872e-15  6.6852e-17
4608.9035  3.1496e-15  6.6753e-17
4610.6964  3.1421e-15  6.6604e-17
4612.4893  3.1762e-15  6.6629e-17
4614.2821  3.1410e-15  6.6498e-17
4616.0750  3.0903e-15  6.6264e-17
4617.8679  3.0764e-15  6.6061e-17
4619.6607  3.0920e-15  6.5978e-17
4621.4536  3.0600e-15  6.5743e-17
4623.2465  3.0238e-15  6.5542e-17
4625.0394  3.0618e-15  6.5655e-17
4626.8322  3.0494e-15  6.5470e-17
4628.6251  3.0198e-15  6.5171e-17
4630.4180  3.0104e-15  6.4986e-17
4632.2109  2.9772e-15  6.4725e-17
4634.0037  2.9828e-15  6.4620e-17
4635.7966  3.0409e-15  6.4703e-17
4637.5895  3.0539e-15  6.4533e-17
4639.3823  3.0735e-15  6.4512e-17
4641.1752  3.0977e-15  6.4539e-17
4642.9681  3.1025e-15  6.4419e-17
4644.7610  3.1313e-15  6.4356e-17
4646.5538  3.0843e-15  6.3997e-17
4648.3467  3.0573e-15  6.3841e-17
4650.1396  3.0591e-15  6.3816e-17
4651.9324  3.0217e-15  6.3651e-17
4653.7253  3.0220e-15  6.3654e-17
4655.5182  3.0458e-15  6.3933e-17
4657.3111  3.1128e-15  6.4254e-17
4659.1039  3.1315e-15  6.4207e-17
4660.8968  3.1295e-15  6.4101e-17
4662.6897  3.1448e-15  6.4020e-17
4664.4825  3.1581e-15  6.3905e-17
4666.2754  3.1561e-15  6.3797e-17
4668.0683  3.0926e-15  6.3586e-17
4669.8612  3.1072e-15  6.3577e-17
4671.6540  3.1949e-15  6.3695e-17
4673.4469  3.2043e-15  6.3545e-17
4675.2398  3.1667e-15  6.3496e-17
4677.0326  3.1647e-15  6.3569e-17
4678.8255  3.1207e-15  6.3383e-17
4680.6184  3.0646e-15  6.3070e-17
4682.4113  3.0929e-15  6.3144e-17
4684.2041  3.0649e-15  6.3120e-17
4685.9970  3.0821e-15  6.3064e-17
4687.7899  3.1442e-15  6.3137e-17
4689.5828  3.1076e-15  6.2956e-17
4691.3756  3.0950e-15  6.2886e-17
4693.1685  3.0737e-15  6.2665e-17
4694.9614  3.0468e-15  6.2347e-17
4696.7542  3.1239e-15  6.2417e-17
4698.5471  3.1419e-15  6.2385e-17
4700.3400  3.0936e-15  6.2099e-17
4702.1329  3.1225e-15  6.2063e-17
4703.9257  3.0993e-15  6.1904e-17
4705.7186  3.0886e-15  6.1836e-17
4707.5115  3.0285e-15  6.1640e-17
4709.3043  3.0170e-15  6.1614e-17
4711.0972  3.1470e-15  6.2106e-17
4712.8901  3.1771e-15  6.2243e-17
4714.6830  3.0614e-15  6.1972e-17
4716.4758  3.0970e-15  6.2146e-17
4718.2687  3.1948e-15  6.2506e-17
4720.0616  3.1173e-15  6.2261e-17
4721.8544  3.0754e-15  6.1969e-17
4723.6473  3.1137e-15  6.1963e-17
4725.4402  3.1676e-15  6.2085e-17
4727.2331  3.1836e-15  6.2173e-17
4729.0259  3.1623e-15  6.2138e-17
4730.8188  3.1181e-15  6.1826e-17
4732.6117  3.1523e-15  6.1705e-17
4734.4046  3.1632e-15  6.1589e-17
4736.1974  3.1192e-15  6.1393e-17
4737.9903  3.1505e-15  6.1591e-17
4739.7832  3.1775e-15  6.1678e-17
4741.5760  3.1502e-15  6.1501e-17
4743.3689  3.1092e-15  6.1367e-17
4745.1618  3.1115e-15  6.1328e-17
4746.9547  3.0761e-15  6.1088e-17
4748.7475  3.0520e-15  6.0989e-17
4750.5404  3.0690e-15  6.0989e-17
4752.3333  3.0379e-15  6.0772e-17
4754.1261  3.0582e-15  6.0826e-17
4755.9190  3.1357e-15  6.0949e-17
4757.7119  3.1389e-15  6.0679e-17
4759.5048  3.0755e-15  6.0307e-17
4761.2976  3.0402e-15  6.0063e-17
4763.0905  3.0471e-15  6.0036e-17
4764.8834  3.0594e-15  6.0085e-17
4766.6762  3.0432e-15  5.9938e-17
4768.4691  3.0511e-15  5.9904e-17
4770.2620  3.1120e-15  6.0190e-17
4772.0549  3.1286e-15  6.0355e-17
4773.8477  3.0580e-15  6.0110e-17
4775.6406  3.0273e-15  6.0027e-17
4777.4335  3.0569e-15  6.0192e-17
4779.2264  3.1344e-15  6.0436e-17
4781.0192  3.2453e-15  6.0706e-17
4782.8121  3.3633e-15  6.1065e-17
4784.6050  3.5041e-15  6.1560e-17
4786.3978  3.5670e-15  6.1848e-17
4788.1907  3.5451e-15  6.1849e-17
4789.9836  3.5275e-15  6.1738e-17
4791.7765  3.5431e-15  6.1698e-17
4793.5693  3.5191e-15  6.1498e-17
4795.3622  3.4136e-15  6.1039e-17
4797.1551  3.2715e-15  6.0470e-17
4798.9479  3.1581e-15  5.9968e-17
4800.7408  3.0749e-15  5.9544e-17
4802.5337  2.9886e-15  5.9026e-17
4804.3266  2.9871e-15  5.8808e-17
4806.1194  3.0292e-15  5.8944e-17
4807.9123  3.0135e-15  5.8958e-17
4809.7052  3.0005e-15  5.8905e-17
4811.4980  3.0019e-15  5.8813e-17
4813.2909  3.0178e-15  5.8788e-17
4815.0838  3.0723e-15  5.9036e-17
4816.8767  3.1049e-15  5.9189e-17
4818.6695  3.0612e-15  5.8935e-17
4820.4624  3.0287e-15  5.8803e-17
4822.2553  3.0347e-15  5.8914e-17
4824.0482  3.0127e-15  5.8781e-17
4825.8410  2.9633e-15  5.8358e-17
4827.6339  2.9236e-15  5.7995e-17
4829.4268  2.9502e-15  5.8070e-17
4831.2196  2.9846e-15  5.8202e-17
4833.0125  2.9776e-15  5.8097e-17
4834.8054  2.9645e-15  5.7979e-17
4836.5983  2.9352e-15  5.7822e-17
4838.3911  2.9211e-15  5.7695e-17
4840.1840  2.9414e-15  5.7702e-17
4841.9769  2.9873e-15  5.7810e-17
4843.7697  3.0261e-15  5.7889e-17
4845.5626  3.0690e-15  5.7998e-17
4847.3555  3.1118e-15  5.8047e-17
4849.1484  3.0700e-15  5.7756e-17
4850.9412  3.0068e-15  5.7378e-17
4852.7341  3.0082e-15  5.7086e-17
4854.5270  3.0117e-15  5.6692e-17
4856.3198  2.9799e-15  5.6239e-17
4858.1127  2.9959e-15  5.5919e-17
4859.9056  3.0213e-15  5.5738e-17
4861.6985  3.0468e-15  5.5774e-17
4863.4913  3.0665e-15  5.5807e-17
4865.2842  3.0341e-15  5.5641e-17
4867.0771  3.0370e-15  5.5700e-17
4868.8699  3.0689e-15  5.6003e-17
4870.6628  3.0896e-15  5.6303e-17
4872.4557  3.1095e-15  5.6583e-17
4874.2486  3.1048e-15  5.6657e-17
4876.0414  3.0855e-15  5.6610e-17
4877.8343  3.0869e-15  5.6641e-17
4879.6272  3.1420e-15  5.6917e-17
4881.4201  3.1904e-15  5.7169e-17
4883.2129  3.2291e-15  5.7317e-17
4885.0058  3.2238e-15  5.7284e-17
4886.7987  3.2301e-15  5.7275e-17
4888.5915  3.3050e-15  5.7511e-17
4890.3844  3.3173e-15  5.7471e-17
4892.1773  3.3480e-15  5.7528e-17
4893.9702  3.4326e-15  5.7893e-17
4895.7630  3.4483e-15  5.8100e-17
4897.5559  3.4517e-15  5.8231e-17
4899.3488  3.4987e-15  5.8471e-17
4901.1416  3.4762e-15  5.8451e-17
4902.9345  3.5177e-15  5.8541e-17
4904.7274  3.6111e-15  5.8753e-17
4906.5203  3.6977e-15  5.9033e-17
4908.3131  3.7892e-15  5.9330e-17
4910.1060  3.7555e-15  5.9162e-17
4911.8989  3.7217e-15  5.8970e-17
4913.6917  3.8062e-15  5.9101e-17
4915.4846  3.8976e-15  5.9306e-17
4917.2775  3.9269e-15  5.9376e-17
4919.0704  3.9350e-15  5.9360e-17
4920.8632  4.0165e-15  5.9605e-17
4922.6561  4.1238e-15  6.0009e-17
4924.4490  4.1040e-15  5.9918e-17
4926.2419  4.0779e-15  5.9903e-17
4928.0347  4.1218e-15  6.0176e-17
4929.8276  4.1769e-15  6.0384e-17
4931.6205  4.2220e-15  6.0565e-17
4933.4133  4.2222e-15  6.0527e-17
4935.2062  4.1684e-15  6.0272e-17
4936.9991  4.2028e-15  6.0304e-17
4938.7920  4.2768e-15  6.0540e-17
4940.5848  4.2281e-15  6.0399e-17
4942.3777  4.2763e-15  6.0526e-17
4944.1706  4.4136e-15  6.0982e-17
4945.9634  4.4327e-15  6.1147e-17
4947.7563  4.4992e-15  6.1501e-17
4949.5492  4.5979e-15  6.1854e-17
4951.3421  4.6124e-15  6.1846e-17
4953.1349  4.7080e-15  6.2124e-17
4954.9278  4.8507e-15  6.2576e-17
4956.7207  4.9592e-15  6.3028e-17
4958.5135  5.1446e-15  6.3788e-17
4960.3064  5.4557e-15  6.4836e-17
4962.0993  5.8711e-15  6.6213e-17
4963.8922  6.2383e-15  6.7427e-17
4965.6850  6.4881e-15  6.8364e-17
4967.4779  6.6384e-15  6.8942e-17
4969.2708  6.6016e-15  6.8786e-17
4971.0637  6.5329e-15  6.8565e-17
4972.8565  6.4058e-15  6.8107e-17
4974.6494  6.0837e-15  6.6895e-17
4976.4423  5.6565e-15  6.5291e-17
4978.2351  5.2871e-15  6.3873e-17
4980.0280  5.0781e-15  6.2949e-17
4981.8209  4.9274e-15  6.2284e-17
4983.6138  4.8153e-15  6.1824e-17
4985.4066  4.7702e-15  6.1575e-17
4987.1995  4.7215e-15  6.1382e-17
4988.9924  4.6078e-15  6.1012e-17
4990.7852  4.5409e-15  6.0745e-17
4992.5781  4.4656e-15  6.0471e-17
4994.3710  4.3665e-15  6.0052e-17
4996.1639  4.3399e-15  5.9806e-17
4997.9567  4.3226e-15  5.9609e-17
4999.7496  4.3366e-15  5.9538e-17
5001.5425  4.3873e-15  5.9620e-17
5003.3353  4.3862e-15  5.9525e-17
5005.1282  4.2973e-15  5.9058e-17
5006.9211  4.2290e-15  5.8677e-17
5008.7140  4.1761e-15  5.8393e-17
5010.5068  4.1417e-15  5.8207e-17
5012.2997  4.1379e-15  5.8117e-17
5014.0926  4.0778e-15  5.9029e-17
5015.8855  4.0645e-15  5.9440e-17
5017.6783  4.0916e-15  5.8291e-17
5019.4712  4.0347e-15  5.7512e-17
5021.2641  3.9557e-15  5.7144e-17
5023.0569  3.8791e-15  5.6790e-17
5024.8498  3.8121e-15  5.6534e-17
5026.6427  3.7794e-15  5.6559e-17
5028.4356  3.7531e-15  5.6522e-17
5030.2284  3.7173e-15  5.6276e-17
5032.0213  3.6776e-15  5.6130e-17
5033.8142  3.6548e-15  5.6031e-17
5035.6070  3.6563e-15  5.5884e-17
5037.3999  3.6410e-15  5.5762e-17
5039.1928  3.6115e-15  5.5605e-17
5040.9857  3.5804e-15  5.5392e-17
5042.7785  3.5656e-15  5.5284e-17
5044.5714  3.5796e-15  5.5342e-17
5046.3643  3.5724e-15  5.5280e-17
5048.1571  3.5767e-15  5.5237e-17
5049.9500  3.6092e-15  5.5426e-17
5051.7429  3.6036e-15  5.5482e-17
5053.5358  3.6351e-15  5.5640e-17
5055.3286  3.8027e-15  5.6407e-17
5057.1215  4.1052e-15  5.7672e-17
5058.9144  4.6908e-15  5.9944e-17
5060.7072  5.6957e-15  6.3675e-17
5062.5001  6.9897e-15  6.8157e-17
5064.2930  8.2671e-15  7.2304e-17
5066.0859  9.2137e-15  7.5224e-17
5067.8787  9.7491e-15  7.6723e-17
5069.6716  9.8683e-15  7.6941e-17
5071.4645  9.4577e-15  7.5703e-17
5073.2574  8.5446e-15  7.2896e-17
5075.0502  7.2956e-15  6.8778e-17
5076.8431  5.9207e-15  6.3921e-17
5078.6360  4.7661e-15  5.9567e-17
5080.4288  4.0364e-15  5.6755e-17
5082.2217  3.6630e-15  5.5308e-17
5084.0146  3.5203e-15  5.4694e-17
5085.8075  3.4737e-15  5.4431e-17
5087.6003  3.4205e-15  5.4168e-17
5089.3932  3.3668e-15  5.3975e-17
5091.1861  3.3434e-15  5.3930e-17
5092.9789  3.3038e-15  5.3786e-17
5094.7718  3.2734e-15  5.3622e-17
5096.5647  3.3318e-15  5.3773e-17
5098.3576  3.4670e-15  5.4264e-17
5100.1504  3.6308e-15  5.4914e-17
5101.9433  3.8106e-15  5.5616e-17
5103.7362  4.1335e-15  5.6911e-17
5105.5290  4.8551e-15  5.9663e-17
5107.3219  6.3180e-15  6.4880e-17
5109.1148  8.9661e-15  7.3777e-17
5110.9077  1.2702e-14  8.5602e-17
5112.7005  1.6766e-14  9.6648e-17
5114.4934  2.0247e-14  1.0320e-16
5116.2863  2.2414e-14  1.0646e-16
5118.0792  2.3151e-14  1.0795e-16
5119.8720  2.2589e-14  1.0675e-16
5121.6649  2.0541e-14  1.0238e-16
5123.4578  1.6956e-14  9.4286e-17
5125.2506  1.2547e-14  8.3221e-17
5127.0435  8.5971e-15  7.1917e-17
5128.8364  6.0560e-15  6.3526e-17
5130.6293  4.8014e-15  5.8906e-17
5132.4221  4.1509e-15  5.6454e-17
5134.2150  3.8157e-15  5.5072e-17
5136.0079  3.6431e-15  5.4276e-17
5137.8007  3.5178e-15  5.3696e-17
5139.5936  3.3872e-15  5.3140e-17
5141.3865  3.2259e-15  5.2453e-17
5143.1794  3.1123e-15  5.1913e-17
5144.9722  3.0515e-15  5.1605e-17
5146.7651  3.0735e-15  5.1677e-17
5148.5580  3.0541e-15  5.1594e-17
5150.3508  3.0135e-15  5.1440e-17
5152.1437  3.0618e-15  5.1691e-17
5153.9366  3.0439e-15  5.1679e-17
5155.7295  2.9361e-15  5.1262e-17
5157.5223  2.9152e-15  5.1158e-17
5159.3152  2.9538e-15  5.1173e-17
5161.1081  2.9130e-15  5.0800e-17
5162.9010  2.8408e-15  5.0305e-17
5164.6938  2.8472e-15  5.0044e-17
5166.4867  2.8951e-15  5.0035e-17
5168.2796  2.9199e-15  4.9935e-17
5170.0724  2.8913e-15  4.9661e-17
5171.8653  2.8654e-15  4.9599e-17
5173.6582  2.8567e-15  4.9516e-17
5175.4511  2.8908e-15  4.9593e-17
5177.2439  2.8815e-15  4.9702e-17
5179.0368  2.7839e-15  4.9447e-17
5180.8297  2.8087e-15  4.9622e-17
5182.6225  2.7874e-15  4.9568e-17
5184.4154  2.7163e-15  4.9190e-17
5186.2083  2.7571e-15  4.9239e-17
5188.0012  2.7771e-15  4.9218e-17
5189.7940  2.7812e-15  4.9253e-17
5191.5869  2.7159e-15  4.9200e-17
5193.3798  2.6754e-15  4.9217e-17
5195.1726  2.7566e-15  4.9663e-17
5196.9655  2.7953e-15  4.9875e-17
5198.7584  2.7674e-15  4.9712e-17
5200.5513  2.6970e-15  4.9497e-17
5202.3441  2.7266e-15  4.9605e-17
5204.1370  2.7959e-15  4.9751e-17
5205.9299  2.8255e-15  4.9834e-17
5207.7228  2.7524e-15  4.9512e-17
5209.5156  2.7113e-15  4.9293e-17
5211.3085  2.7407e-15  4.9284e-17
5213.1014  2.7164e-15  4.9175e-17
5214.8942  2.7122e-15  4.9313e-17
5216.6871  2.7368e-15  4.9492e-17
5218.4800  2.7124e-15  4.9376e-17
5220.2729  2.6705e-15  4.9091e-17
5222.0657  2.7053e-15  4.9118e-17
5223.8586  2.7331e-15  4.9199e-17
5225.6515  2.7126e-15  4.9079e-17
5227.4443  2.6947e-15  4.8949e-17
5229.2372  2.7281e-15  4.9036e-17
5231.0301  2.7369e-15  4.9011e-17
5232.8230  2.7080e-15  4.8879e-17
5234.6158  2.7071e-15  4.8953e-17
5236.4087  2.7151e-15  4.9044e-17
5238.2016  2.7258e-15  4.9024e-17
5239.9944  2.7650e-15  4.9122e-17
5241.7873  2.7372e-15  4.9081e-17
5243.5802  2.6751e-15  4.8954e-17
5245.3731  2.6870e-15  4.8946e-17
5247.1659  2.7054e-15  4.8847e-17
5248.9588  2.7480e-15  4.8970e-17
5250.7517  2.7887e-15  4.9152e-17
5252.5446  2.7320e-15  4.8906e-17
5254.3374  2.6883e-15  4.8702e-17
5256.1303  2.7211e-15  4.8901e-17
5257.9232  2.7756e-15  4.9084e-17
5259.7160  2.7852e-15  4.8897e-17
5261.5089  2.7607e-15  4.8593e-17
5263.3018  2.7497e-15  4.8359e-17
5265.0947  2.7670e-15  4.8279e-17
5266.8875  2.7856e-15  4.8253e-17
5268.6804  2.8252e-15  4.8335e-17
5270.4733  2.8672e-15  4.8501e-17
5272.2661  2.8562e-15  4.8532e-17
5274.0590  2.8278e-15  4.8545e-17
5275.8519  2.7857e-15  4.8428e-17
5277.6448  2.7592e-15  4.8260e-17
5279.4376  2.7406e-15  4.8151e-17
5281.2305  2.6902e-15  4.7960e-17
5283.0234  2.6681e-15  4.7929e-17
5284.8162  2.6621e-15  4.7975e-17
5286.6091  2.6317e-15  4.7927e-17
5288.4020  2.5995e-15  4.7849e-17
5290.1949  2.5829e-15  4.7727e-17
5291.9877  2.6093e-15  4.7706e-17
5293.7806  2.6225e-15  4.7714e-17
5295.5735  2.6022e-15  4.7662e-17
5297.3663  2.6037e-15  4.7652e-17
5299.1592  2.5909e-15  4.7610e-17
5300.9521  2.5612e-15  4.7517e-17
5302.7450  2.5710e-15  4.7599e-17
5304.5378  2.6193e-15  4.7857e-17
5306.3307  2.6728e-15  4.8078e-17
5308.1236  2.7373e-15  4.8377e-17
5309.9165  2.7899e-15  4.8659e-17
5311.7093  2.8112e-15  4.8700e-17
5313.5022  2.8342e-15  4.8734e-17
5315.2951  2.8370e-15  4.8797e-17
5317.0879  2.8071e-15  4.8704e-17
5318.8808  2.7919e-15  4.8544e-17
5320.6737  2.7768e-15  4.8281e-17
5322.4666  2.6932e-15  4.7759e-17
5324.2594  2.5897e-15  4.7273e-17
5326.0523  2.5614e-15  4.7146e-17
5327.8452  2.6038e-15  4.7271e-17
5329.6380  2.6706e-15  4.7514e-17
5331.4309  2.6727e-15  4.7535e-17
5333.2238  2.6552e-15  4.7454e-17
5335.0167  2.6973e-15  4.7646e-17
5336.8095  2.7021e-15  4.7737e-17
5338.6024  2.6439e-15  4.7541e-17
5340.3953  2.6702e-15  4.7632e-17
5342.1881  2.6680e-15  4.7674e-17
5343.9810  2.5760e-15  4.7368e-17
5345.7739  2.6019e-15  4.7501e-17
5347.5668  2.6384e-15  4.7705e-17
5349.3596  2.6130e-15  4.7602e-17
5351.1525  2.6287e-15  4.7655e-17
5352.9454  2.6690e-15  4.7839e-17
5354.7383  2.6951e-15  4.7997e-17
5356.5311  2.7153e-15  4.8164e-17
5358.3240  2.7511e-15  4.8279e-17
5360.1169  2.7291e-15  4.8129e-17
5361.9097  2.6547e-15  4.7785e-17
5363.7026  2.6369e-15  4.7629e-17
5365.4955  2.6656e-15  4.7680e-17
5367.2884  2.6548e-15  4.7604e-17
5369.0812  2.6143e-15  4.7391e-17
5370.8741  2.6398e-15  4.7399e-17
5372.6670  2.6961e-15  4.7592e-17
5374.4598  2.6801e-15  4.7566e-17
5376.2527  2.6558e-15  4.7516e-17
5378.0456  2.6562e-15  4.7531e-17
5379.8385  2.6422e-15  4.7518e-17
5381.6313  2.6313e-15  4.7448e-17
5383.4242  2.6055e-15  4.7201e-17
5385.2171  2.6666e-15  4.7410e-17
5387.0099  2.7022e-15  4.7578e-17
5388.8028  2.6356e-15  4.7300e-17
5390.5957  2.6798e-15  4.7442e-17
5392.3886  2.7788e-15  4.7801e-17
5394.1814  2.7738e-15  4.7784e-17
5395.9743  2.7162e-15  4.7552e-17
5397.7672  2.7384e-15  4.7593e-17
5399.5601  2.7421e-15  4.7562e-17
5401.3529  2.6972e-15  4.7334e-17
5403.1458  2.6984e-15  4.7343e-17
5404.9387  2.7126e-15  4.7429e-17
5406.7315  2.7091e-15  4.7332e-17
5408.5244  2.6939e-15  4.7266e-17
5410.3173  2.6964e-15  4.7422e-17
5412.1102  2.7558e-15  4.7696e-17
5413.9030  2.7603e-15  4.7649e-17
5415.6959  2.7206e-15  4.7501e-17
5417.4888  2.7517e-15  4.7746e-17
5419.2816  2.8289e-15  4.8106e-17
5421.0745  2.8421e-15  4.8182e-17
5422.8674  2.8049e-15  4.8108e-17
5424.6603  2.8738e-15  4.8334e-17
5426.4531  2.9299e-15  4.8444e-17
5428.2460  2.8462e-15  4.8072e-17
5430.0389  2.8417e-15  4.8031e-17
5431.8317  2.8836e-15  4.8212e-17
5433.6246  2.8554e-15  4.8154e-17
5435.4175  2.8270e-15  4.8044e-17
5437.2104  2.7817e-15  4.7858e-17
5439.0032  2.7279e-15  4.7628e-17
5440.7961  2.7140e-15  4.7523e-17
5442.5890  2.7594e-15  4.7608e-17
5444.3819  2.6996e-15  4.7358e-17
5446.1747  2.6635e-15  4.7286e-17
5447.9676  2.7223e-15  4.7538e-17
5449.7605  2.7503e-15  4.7625e-17
5451.5533  2.7175e-15  4.7536e-17
5453.3462  2.7157e-15  4.7651e-17
5455.1391  2.7538e-15  4.7899e-17
5456.9320  2.7405e-15  4.7890e-17
5458.7248  2.7405e-15  4.7896e-17
5460.5177  2.7115e-15  4.7802e-17
5462.3106  2.6730e-15  4.7601e-17
5464.1034  2.6933e-15  4.7706e-17
5465.8963  2.7350e-15  4.7888e-17
5467.6892  2.7118e-15  4.7753e-17
5469.4821  2.6666e-15  4.7494e-17
5471.2749  2.7014e-15  4.7430e-17
5473.0678  2.7373e-15  4.7487e-17
5474.8607  2.7287e-15  4.7455e-17
5476.6535  2.7534e-15  4.7553e-17
5478.4464  2.7614e-15  4.7591e-17
5480.2393  2.7851e-15  4.7617e-17
5482.0322  2.7855e-15  4.7577e-17
5483.8250  2.7172e-15  4.7358e-17
5485.6179  2.6937e-15  4.7256e-17
5487.4108  2.6778e-15  4.7150e-17
5489.2036  2.6706e-15  4.7137e-17
5490.9965  2.6681e-15  4.7197e-17
5492.7894  2.6215e-15  4.7054e-17
5494.5823  2.6039e-15  4.6945e-17
5496.3751  2.6421e-15  4.7064e-17
5498.1680  2.6517e-15  4.7173e-17
5499.9609  2.6907e-15  4.7340e-17
5501.7538  2.7321e-15  4.7465e-17
5503.5466  2.7300e-15  4.7464e-17
5505.3395  2.6974e-15  4.7272e-17
5507.1324  2.6233e-15  4.6933e-17
5508.9252  2.5819e-15  4.6776e-17
5510.7181  2.6035e-15  4.6837e-17
5512.5110  2.6066e-15  4.6882e-17
5514.3039  2.5729e-15  4.6787e-17
5516.0967  2.5762e-15  4.6724e-17
5517.8896  2.5903e-15  4.6725e-17
5519.6825  2.5932e-15  4.6701e-17
5521.4753  2.5874e-15  4.6651e-17
5523.2682  2.5825e-15  4.6655e-17
5525.0611  2.5664e-15  4.6604e-17
5526.8540  2.5593e-15  4.6582e-17
5528.6468  2.6005e-15  4.6681e-17
5530.4397  2.6390e-15  4.6774e-17
5532.2326  2.6407e-15  4.6797e-17
5534.0254  2.6530e-15  4.6826e-17
5535.8183  2.6679e-15  4.6942e-17
5537.6112  2.6457e-15  4.6969e-17
5539.4041  2.6548e-15  4.7032e-17
5541.1969  2.7104e-15  4.7274e-17
5542.9898  2.7237e-15  4.7329e-17
5544.7827  2.7025e-15  4.7227e-17
5546.5756  2.7037e-15  4.7268e-17
5548.3684  2.6984e-15  4.7246e-17
5550.1613  2.6551e-15  4.7020e-17
5551.9542  2.6170e-15  4.6849e-17
5553.7470  2.6285e-15  4.6891e-17
5555.5399  2.6306e-15  4.6893e-17
5557.3328  2.5963e-15  4.6708e-17
5559.1257  2.5852e-15  4.6599e-17
5560.9185  2.6030e-15  4.6698e-17
5562.7114  2.6269e-15  4.6826e-17
5564.5043  2.6165e-15  4.6726e-17
5566.2971  2.6001e-15  4.6806e-17
5568.0900  2.6134e-15  4.8633e-17
5569.8829  2.6063e-15  5.3331e-17
5571.6758  2.5915e-15  5.8915e-17
5573.4686  2.5729e-15  6.2712e-17
5575.2615  2.5373e-15  6.4555e-17
5577.0544  2.5462e-15  6.5388e-17
5578.8472  2.5706e-15  6.5656e-17
5580.6401  2.5544e-15  6.5557e-17
5582.4330  2.5712e-15  6.4541e-17
5584.2259  2.6216e-15  6.1047e-17
5586.0187  2.5914e-15  5.5144e-17
5587.8116  2.5518e-15  4.9884e-17
5589.6045  2.6103e-15  4.7377e-17
5591.3974  2.6504e-15  4.6520e-17
5593.1902  2.5973e-15  4.6076e-17
5594.9831  2.5886e-15  4.6036e-17
5596.7760  2.6371e-15  4.6287e-17
5598.5688  2.6190e-15  4.6300e-17
5600.3617  2.5939e-15  4.6201e-17
5602.1546  2.5995e-15  4.6232e-17
5603.9475  2.6092e-15  4.6302e-17
5605.7403  2.6275e-15  4.6356e-17
5607.5332  2.6195e-15  4.6344e-17
5609.3261  2.6073e-15  4.6344e-17
5611.1189  2.6127e-15  4.6373e-17
5612.9118  2.6514e-15  4.6465e-17
5614.7047  2.6886e-15  4.6546e-17
5616.4976  2.6651e-15  4.6453e-17
5618.2904  2.6653e-15  4.6361e-17
5620.0833  2.7034e-15  4.6483e-17
5621.8762  2.6833e-15  4.6493e-17
5623.6690  2.6195e-15  4.6265e-17
5625.4619  2.5651e-15  4.6083e-17
5627.2548  2.5652e-15  4.6089e-17
5629.0477  2.6008e-15  4.6129e-17
5630.8405  2.5994e-15  4.6044e-17
5632.6334  2.5899e-15  4.6036e-17
5634.4263  2.6202e-15  4.6164e-17
5636.2192  2.6664e-15  4.6278e-17
5638.0120  2.6912e-15  4.6375e-17
5639.8049  2.6331e-15  4.6164e-17
5641.5978  2.6113e-15  4.6076e-17
5643.3906  2.6626e-15  4.6281e-17
5645.1835  2.6478e-15  4.6237e-17
5646.9764  2.6492e-15  4.6262e-17
5648.7693  2.6393e-15  4.6168e-17
5650.5621  2.6315e-15  4.6100e-17
5652.3550  2.6603e-15  4.6214e-17
5654.1479  2.6890e-15  4.6270e-17
5655.9407  2.7136e-15  4.6287e-17
5657.7336  2.7186e-15  4.6226e-17
5659.5265  2.7028e-15  4.6179e-17
5661.3194  2.6901e-15  4.6210e-17
5663.1122  2.6838e-15  4.6185e-17
5664.9051  2.6396e-15  4.6171e-17
5666.6980  2.6517e-15  4.6265e-17
5668.4908  2.6995e-15  4.6366e-17
5670.2837  2.7230e-15  4.6503e-17
5672.0766  2.7354e-15  4.6617e-17
5673.8695  2.6901e-15  4.6525e-17
5675.6623  2.6236e-15  4.6296e-17
5677.4552  2.6093e-15  4.6340e-17
5679.2481  2.6249e-15  4.6506e-17
5681.0409  2.6256e-15  4.6478e-17
5682.8338  2.6501e-15  4.6592e-17
5684.6267  2.6607e-15  4.6648e-17
5686.4196  2.6370e-15  4.6625e-17
5688.2124  2.6415e-15  4.6737e-17
5690.0053  2.6495e-15  4.6730e-17
5691.7982  2.6529e-15  4.6725e-17
5693.5911  2.6409e-15  4.6698e-17
5695.3839  2.6091e-15  4.6523e-17
5697.1768  2.5641e-15  4.6224e-17
5698.9697  2.5651e-15  4.6102e-17
5700.7625  2.6311e-15  4.6135e-17
5702.5554  2.6406e-15  4.5983e-17
5704.3483  2.5810e-15  4.5705e-17
5706.1412  2.5581e-15  4.5538e-17
5707.9340  2.5814e-15  4.5465e-17
5709.7269  2.5925e-15  4.5406e-17
5711.5198  2.5686e-15  4.5301e-17
5713.3126  2.4978e-15  4.4966e-17
5715.1055  2.4755e-15  4.4904e-17
5716.8984  2.5304e-15  4.5223e-17
5718.6913  2.5356e-15  4.5331e-17
5720.4841  2.5422e-15  4.5358e-17
5722.2770  2.5503e-15  4.5394e-17
5724.0699  2.5300e-15  4.5338e-17
5725.8627  2.5594e-15  4.5377e-17
5727.6556  2.5529e-15  4.5306e-17
5729.4485  2.5454e-15  4.5204e-17
5731.2414  2.5539e-15  4.5236e-17
5733.0342  2.5529e-15  4.5283e-17
5734.8271  2.5633e-15  4.5311e-17
5736.6200  2.5829e-15  4.5372e-17
5738.4129  2.5958e-15  4.5373e-17
5740.2057  2.5811e-15  4.5255e-17
5741.9986  2.5815e-15  4.5219e-17
5743.7915  2.5540e-15  4.5064e-17
5745.5843  2.5416e-15  4.4979e-17
5747.3772  2.5530e-15  4.5033e-17
5749.1701  2.5769e-15  4.5129e-17
5750.9630  2.5860e-15  4.5150e-17
5752.7558  2.6010e-15  4.5159e-17
5754.5487  2.6374e-15  4.5244e-17
5756.3416  2.6206e-15  4.5160e-17
5758.1344  2.6010e-15  4.5042e-17
5759.9273  2.5907e-15  4.4981e-17
5761.7202  2.5674e-15  4.4949e-17
5763.5131  2.5551e-15  4.4954e-17
5765.3059  2.5885e-15  4.5083e-17
5767.0988  2.5867e-15  4.5043e-17
5768.8917  2.5370e-15  4.4851e-17
5770.6845  2.5394e-15  4.4901e-17
5772.4774  2.5572e-15  4.4972e-17
5774.2703  2.5512e-15  4.4907e-17
5776.0632  2.5570e-15  4.4820e-17
5777.8560  2.5656e-15  4.4725e-17
5779.6489  2.5474e-15  4.4615e-17
5781.4418  2.5250e-15  4.4516e-17
5783.2347  2.5245e-15  4.4485e-17
5785.0275  2.5353e-15  4.4522e-17
5786.8204  2.5274e-15  4.4484e-17
5788.6133  2.4992e-15  4.4344e-17
5790.4061  2.5069e-15  4.4413e-17
5792.1990  2.5567e-15  4.4671e-17
5793.9919  2.5940e-15  4.4834e-17
5795.7848  2.5874e-15  4.4854e-17
5797.5776  2.5685e-15  4.4832e-17
5799.3705  2.5776e-15  4.4867e-17
5801.1634  2.5931e-15  4.4876e-17
5802.9562  2.6008e-15  4.4862e-17
5804.7491  2.5982e-15  4.4850e-17
5806.5420  2.5697e-15  4.4743e-17
5808.3349  2.5449e-15  4.4634e-17
5810.1277  2.5505e-15  4.4628e-17
5811.9206  2.5769e-15  4.4685e-17
5813.7135  2.5742e-15  4.4602e-17
5815.5063  2.5388e-15  4.4484e-17
5817.2992  2.5165e-15  4.4522e-17
5819.0921  2.4951e-15  4.4433e-17
5820.8850  2.5031e-15  4.4397e-17
5822.6778  2.5637e-15  4.4663e-17
5824.4707  2.6028e-15  4.4823e-17
5826.2636  2.5900e-15  4.4721e-17
5828.0565  2.5699e-15  4.4617e-17
5829.8493  2.5570e-15  4.4592e-17
5831.6422  2.5531e-15  4.4555e-17
5833.4351  2.5443e-15  4.4534e-17
5835.2279  2.5280e-15  4.4514e-17
5837.0208  2.5525e-15  4.4544e-17
5838.8137  2.6265e-15  4.4757e-17
5840.6066  2.7225e-15  4.5130e-17
5842.3994  2.8081e-15  4.5589e-17
5844.1923  2.8192e-15  4.5746e-17
5845.9852  2.7951e-15  4.5628e-17
5847.7780  2.8397e-15  4.5709e-17
5849.5709  2.8812e-15  4.5791e-17
5851.3638  2.8492e-15  4.5608e-17
5853.1567  2.7829e-15  4.5272e-17
5854.9495  2.7014e-15  4.4897e-17
5856.7424  2.6444e-15  4.4631e-17
5858.5353  2.6099e-15  4.4541e-17
5860.3281  2.5909e-15  4.4586e-17
5862.1210  2.6053e-15  4.4692e-17
5863.9139  2.5903e-15  4.4708e-17
5865.7068  2.5424e-15  4.4578e-17
5867.4996  2.5434e-15  4.4561e-17
5869.2925  2.5704e-15  4.4667e-17
5871.0854  2.6051e-15  4.4770e-17
5872.8783  2.6335e-15  4.4783e-17
5874.6711  2.5915e-15  4.4512e-17
5876.4640  2.5726e-15  4.4345e-17
5878.2569  2.6245e-15  4.4449e-17
5880.0497  2.6334e-15  4.4590e-17
5881.8426  2.6152e-15  4.5172e-17
5883.6355  2.6072e-15  4.6194e-17
5885.4284  2.5674e-15  4.6966e-17
5887.2212  2.5714e-15  4.7689e-17
5889.0141  2.6018e-15  4.8590e-17
5890.8070  2.5507e-15  4.9081e-17
5892.5998  2.5197e-15  4.9247e-17
5894.3927  2.5369e-15  4.9325e-17
5896.1856  2.5172e-15  4.8801e-17
5897.9785  2.5040e-15  4.7642e-17
5899.7713  2.5220e-15  4.6673e-17
5901.5642  2.5536e-15  4.6091e-17
5903.3571  2.5574e-15  4.5314e-17
5905.1499  2.5644e-15  4.4553e-17
5906.9428  2.6049e-15  4.4258e-17
5908.7357  2.5907e-15  4.4133e-17
5910.5286  2.5611e-15  4.3982e-17
5912.3214  2.5584e-15  4.3942e-17
5914.1143  2.5522e-15  4.3838e-17
5915.9072  2.5348e-15  4.3770e-17
5917.7000  2.5700e-15  4.4022e-17
5919.4929  2.5926e-15  4.4033e-17
5921.2858  2.5593e-15  4.3917e-17
5923.0787  2.6379e-15  4.4220e-17
5924.8715  2.6959e-15  4.4379e-17
5926.6644  2.6556e-15  4.4356e-17
5928.4573  2.6617e-15  4.4548e-17
5930.2502  2.7112e-15  4.4706e-17
5932.0430  2.7122e-15  4.4641e-17
5933.8359  2.6790e-15  4.4552e-17
5935.6288  2.6903e-15  4.4517e-17
5937.4216  2.6938e-15  4.4426e-17
5939.2145  2.6721e-15  4.4364e-17
5941.0074  2.6633e-15  4.4299e-17
5942.8003  2.6888e-15  4.4222e-17
5944.5931  2.7696e-15  4.4500e-17
5946.3860  2.7816e-15  4.4689e-17
5948.1789  2.7133e-15  4.4533e-17
5949.9717  2.7066e-15  4.4601e-17
5951.7646  2.7265e-15  4.4635e-17
5953.5575  2.7283e-15  4.4546e-17
5955.3504  2.7258e-15  4.4508e-17
5957.1432  2.7545e-15  4.4526e-17
5958.9361  2.7737e-15  4.4579e-17
5960.7290  2.7496e-15  4.4535e-17
5962.5218  2.7187e-15  4.4391e-17
5964.3147  2.6909e-15  4.4222e-17
5966.1076  2.7266e-15  4.4328e-17
5967.9005  2.7505e-15  4.4421e-17
5969.6933  2.7097e-15  4.4235e-17
5971.4862  2.7015e-15  4.4219e-17
5973.2791  2.7365e-15  4.4385e-17
5975.0720  2.7520e-15  4.4403e-17
5976.8648  2.7291e-15  4.4270e-17
5978.6577  2.7171e-15  4.4164e-17
5980.4506  2.7304e-15  4.4148e-17
5982.2434  2.7510e-15  4.4213e-17
5984.0363  2.7519e-15  4.4182e-17
5985.8292  2.7469e-15  4.4088e-17
5987.6221  2.7597e-15  4.4110e-17
5989.4149  2.7747e-15  4.4120e-17
5991.2078  2.7634e-15  4.4012e-17
5993.0007  2.7776e-15  4.4081e-17
5994.7935  2.8456e-15  4.4385e-17
5996.5864  2.8826e-15  4.4540e-17
5998.3793  2.9045e-15  4.4637e-17
6000.1722  2.9621e-15  4.4923e-17
6001.9650  3.0314e-15  4.5205e-17
6003.7579  3.0574e-15  4.5215e-17
6005.5508  3.0681e-15  4.5163e-17
6007.3436  3.0652e-15  4.5134e-17
6009.1365  3.0177e-15  4.4978e-17
6010.9294  2.9627e-15  4.4726e-17
6012.7223  2.8811e-15  4.4248e-17
6014.5151  2.8040e-15  4.3753e-17
6016.3080  2.7587e-15  4.3486e-17
6018.1009  2.7096e-15  4.3254e-17
6019.8938  2.6647e-15  4.3018e-17
6021.6866  2.6345e-15  4.2853e-17
6023.4795  2.6261e-15  4.2786e-17
6025.2724  2.6233e-15  4.2762e-17
6027.0652  2.6067e-15  4.2717e-17
6028.8581  2.6084e-15  4.2775e-17
6030.6510  2.6347e-15  4.2937e-17
6032.4439  2.6586e-15  4.3049e-17
6034.2367  2.6731e-15  4.3093e-17
6036.0296  2.6879e-15  4.3115e-17
6037.8225  2.7165e-15  4.3195e-17
6039.6153  2.7299e-15  4.3223e-17
6041.4082  2.6978e-15  4.3023e-17
6043.2011  2.6708e-15  4.2847e-17
6044.9940  2.6726e-15  4.2855e-17
6046.7868  2.6659e-15  4.2805e-17
6048.5797  2.6442e-15  4.2645e-17
6050.3726  2.6063e-15  4.2457e-17
6052.1654  2.5819e-15  4.2332e-17
6053.9583  2.6020e-15  4.2416e-17
6055.7512  2.6460e-15  4.2610e-17
6057.5441  2.6514e-15  4.2580e-17
6059.3369  2.6153e-15  4.2422e-17
6061.1298  2.5937e-15  4.2377e-17
6062.9227  2.5632e-15  4.2265e-17
6064.7156  2.5647e-15  4.2239e-17
6066.5084  2.6249e-15  4.2426e-17
6068.3013  2.6366e-15  4.2458e-17
6070.0942  2.5962e-15  4.2267e-17
6071.8870  2.5758e-15  4.2136e-17
6073.6799  2.5960e-15  4.2229e-17
6075.4728  2.6022e-15  4.2212e-17
6077.2657  2.5953e-15  4.2101e-17
6079.0585  2.6054e-15  4.2096e-17
6080.8514  2.5991e-15  4.2014e-17
6082.6443  2.5848e-15  4.1949e-17
6084.4371  2.5894e-15  4.2010e-17
6086.2300  2.5888e-15  4.1993e-17
6088.0229  2.5554e-15  4.1800e-17
6089.8158  2.5425e-15  4.1695e-17
6091.6086  2.5394e-15  4.1695e-17
6093.4015  2.5516e-15  4.1801e-17
6095.1944  2.5855e-15  4.1975e-17
6096.9872  2.5992e-15  4.2025e-17
6098.7801  2.5902e-15  4.1918e-17
6100.5730  2.5592e-15  4.1704e-17
6102.3659  2.5445e-15  4.1620e-17
6104.1587  2.5086e-15  4.1483e-17
6105.9516  2.5366e-15  4.1598e-17
6107.7445  2.5973e-15  4.1876e-17
6109.5373  2.5229e-15  4.1590e-17
6111.3302  2.4594e-15  4.1294e-17
6113.1231  2.4975e-15  4.1370e-17
6114.9160  2.5005e-15  4.1352e-17
6116.7088  2.4504e-15  4.1129e-17
6118.5017  2.4110e-15  4.0915e-17
6120.2946  2.4491e-15  4.1006e-17
6122.0875  2.4757e-15  4.1064e-17
6123.8803  2.4713e-15  4.1032e-17
6125.6732  2.4786e-15  4.1020e-17
6127.4661  2.4643e-15  4.0950e-17
6129.2589  2.4823e-15  4.1020e-17
6131.0518  2.4790e-15  4.0969e-17
6132.8447  2.4444e-15  4.0802e-17
6134.6376  2.4300e-15  4.0711e-17
6136.4304  2.4232e-15  4.0718e-17
6138.2233  2.4440e-15  4.0842e-17
6140.0162  2.4726e-15  4.0929e-17
6141.8090  2.4777e-15  4.0964e-17
6143.6019  2.4652e-15  4.0907e-17
6145.3948  2.3979e-15  4.0671e-17
6147.1877  2.3671e-15  4.0525e-17
6148.9805  2.4067e-15  4.0587e-17
6150.7734  2.4342e-15  4.0673e-17
6152.5663  2.4042e-15  4.0569e-17
6154.3591  2.3725e-15  4.0498e-17
6156.1520  2.4005e-15  4.0552e-17
6157.9449  2.4104e-15  4.0559e-17
6159.7378  2.3942e-15  4.0413e-17
6161.5306  2.4281e-15  4.0389e-17
6163.3235  2.4784e-15  4.0573e-17
6165.1164  2.4551e-15  4.0474e-17
6166.9093  2.4305e-15  4.0383e-17
6168.7021  2.4135e-15  4.0388e-17
6170.4950  2.3754e-15  4.0298e-17
6172.2879  2.3919e-15  4.0336e-17
6174.0807  2.4166e-15  4.0387e-17
6175.8736  2.4249e-15  4.0401e-17
6177.6665  2.4256e-15  4.0360e-17
6179.4594  2.4268e-15  4.0344e-17
6181.2522  2.4219e-15  4.0342e-17
6183.0451  2.4320e-15  4.0325e-17
6184.8380  2.4475e-15  4.0337e-17
6186.6308  2.4268e-15  4.0183e-17
6188.4237  2.4402e-15  4.0134e-17
6190.2166  2.4516e-15  4.0269e-17
6192.0095  2.4340e-15  4.0239e-17
6193.8023  2.4202e-15  4.0111e-17
6195.5952  2.4025e-15  4.0055e-17
6197.3881  2.4131e-15  4.0101e-17
6199.1809  2.4111e-15  4.0103e-17
6200.9738  2.3831e-15  4.0011e-17
6202.7667  2.4053e-15  4.0090e-17
6204.5596  2.4690e-15  4.0328e-17
6206.3524  2.4722e-15  4.0323e-17
6208.1453  2.4419e-15  4.0210e-17
6209.9382  2.4905e-15  4.0451e-17
6211.7311  2.5714e-15  4.0755e-17
6213.5239  2.6310e-15  4.0995e-17
6215.3168  2.6988e-15  4.1291e-17
6217.1097  2.7515e-15  4.1463e-17
6218.9025  2.7897e-15  4.1610e-17
6220.6954  2.8211e-15  4.1709e-17
6222.4883  2.8294e-15  4.1727e-17
6224.2812  2.8105e-15  4.1650e-17
6226.0740  2.7399e-15  4.1353e-17
6227.8669  2.6317e-15  4.0966e-17
6229.6598  2.5563e-15  4.0726e-17
6231.4526  2.5075e-15  4.0630e-17
6233.2455  2.4499e-15  4.0505e-17
6235.0384  2.3989e-15  4.0324e-17
6236.8313  2.4102e-15  4.0376e-17
6238.6241  2.4290e-15  4.0522e-17
6240.4170  2.3753e-15  4.0354e-17
6242.2099  2.3441e-15  4.0109e-17
6244.0027  2.3468e-15  3.9927e-17
6245.7956  2.3757e-15  3.9836e-17
6247.5885  2.4210e-15  3.9814e-17
6249.3814  2.4181e-15  3.9744e-17
6251.1742  2.4044e-15  3.9733e-17
6252.9671  2.4001e-15  3.9738e-17
6254.7600  2.3849e-15  3.9672e-17
6256.5529  2.3485e-15  3.9589e-17
6258.3457  2.3206e-15  3.9570e-17
6260.1386  2.3349e-15  3.9653e-17
6261.9315  2.3442e-15  3.9699e-17
6263.7243  2.3430e-15  3.9650e-17
6265.5172  2.3513e-15  3.9608e-17
6267.3101  2.3332e-15  3.9458e-17
6269.1030  2.3080e-15  3.9232e-17
6270.8958  2.3241e-15  3.9173e-17
6272.6887  2.3368e-15  3.9079e-17
6274.4816  2.3138e-15  3.8834e-17
6276.2744  2.2793e-15  3.8636e-17
6278.0673  2.2405e-15  3.8485e-17
6279.8602  2.2145e-15  3.8397e-17
6281.6531  2.2106e-15  3.8473e-17
6283.4459  2.2182e-15  3.8622e-17
6285.2388  2.2244e-15  3.8650e-17
6287.0317  2.2549e-15  3.8709e-17
6288.8245  2.3119e-15  3.8940e-17
6290.6174  2.3119e-15  3.9109e-17
6292.4103  2.2527e-15  3.9261e-17
6294.2032  2.2065e-15  3.9556e-17
6295.9960  2.1978e-15  3.9829e-17
6297.7889  2.1989e-15  4.0003e-17
6299.5818  2.1944e-15  4.0178e-17
6301.3746  2.2035e-15  4.0357e-17
6303.1675  2.2134e-15  4.0468e-17
6304.9604  2.2105e-15  4.0406e-17
6306.7533  2.1973e-15  3.9974e-17
6308.5461  2.2088e-15  3.9415e-17
6310.3390  2.2554e-15  3.9090e-17
6312.1319  2.2721e-15  3.8853e-17
6313.9248  2.2763e-15  3.8665e-17
6315.7176  2.3031e-15  3.8563e-17
6317.5105  2.3160e-15  3.8470e-17
6319.3034  2.3139e-15  3.8387e-17
6321.0962  2.3120e-15  3.8370e-17
6322.8891  2.2998e-15  3.8454e-17
6324.6820  2.2891e-15  3.8592e-17
6326.4749  2.2940e-15  3.8700e-17
6328.2677  2.2908e-15  3.8655e-17
6330.0606  2.2854e-15  3.8520e-17
6331.8535  2.2989e-15  3.8457e-17
6333.6463  2.3218e-15  3.8518e-17
6335.4392  2.3453e-15  3.8604e-17
6337.2321  2.3244e-15  3.8424e-17
6339.0250  2.2861e-15  3.8148e-17
6340.8178  2.3102e-15  3.8147e-17
6342.6107  2.3270e-15  3.8180e-17
6344.4036  2.2925e-15  3.8068e-17
6346.1964  2.2876e-15  3.8095e-17
6347.9893  2.2967e-15  3.8153e-17
6349.7822  2.2766e-15  3.8132e-17
6351.5751  2.3064e-15  3.8285e-17
6353.3679  2.3240e-15  3.8332e-17
6355.1608  2.2875e-15  3.8199e-17
6356.9537  2.2903e-15  3.8324e-17
6358.7466  2.2940e-15  3.8515e-17
6360.5394  2.3181e-15  3.8685e-17
6362.3323  2.3375e-15  3.8721e-17
6364.1252  2.2986e-15  3.8482e-17
6365.9180  2.2563e-15  3.8257e-17
6367.7109  2.2475e-15  3.8133e-17
6369.5038  2.2531e-15  3.8023e-17
6371.2967  2.2785e-15  3.7896e-17
6373.0895  2.3180e-15  3.7841e-17
6374.8824  2.3007e-15  3.7729e-17
6376.6753  2.2574e-15  3.7558e-17
6378.4681  2.2795e-15  3.7646e-17
6380.2610  2.3032e-15  3.7722e-17
6382.0539  2.2538e-15  3.7530e-17
6383.8468  2.2564e-15  3.7526e-17
6385.6396  2.2914e-15  3.7608e-17
6387.4325  2.2693e-15  3.7480e-17
6389.2254  2.2270e-15  3.7283e-17
6391.0182  2.2132e-15  3.7212e-17
6392.8111  2.2508e-15  3.7309e-17
6394.6040  2.3049e-15  3.7463e-17
6396.3969  2.2905e-15  3.7328e-17
6398.1897  2.2559e-15  3.7025e-17
6399.9826  2.2783e-15  3.7038e-17
6401.7755  2.2810e-15  3.7076e-17
6403.5684  2.2840e-15  3.7099e-17
6405.3612  2.2863e-15  3.7119e-17
6407.1541  2.3333e-15  3.7224e-17
6408.9470  2.3684e-15  3.7281e-17
6410.7398  2.3408e-15  3.7242e-17
6412.5327  2.3509e-15  3.7405e-17
6414.3256  2.3516e-15  3.7365e-17
6416.1185  2.3480e-15  3.7309e-17
6417.9113  2.3475e-15  3.7335e-17
6419.7042  2.3521e-15  3.7347e-17
6421.4971  2.3672e-15  3.7339e-17
6423.2899  2.3739e-15  3.7342e-17
6425.0828  2.3985e-15  3.7414e-17
6426.8757  2.4083e-15  3.7377e-17
6428.6686  2.4309e-15  3.7503e-17
6430.4614  2.5131e-15  3.7864e-17
6432.2543  2.6285e-15  3.8333e-17
6434.0472  2.8019e-15  3.9009e-17
6435.8400  3.0348e-15  3.9912e-17
6437.6329  3.1917e-15  4.0585e-17
6439.4258  3.2209e-15  4.0782e-17
6441.2187  3.2612e-15  4.0972e-17
6443.0115  3.2351e-15  4.0832e-17
6444.8044  3.1193e-15  4.0309e-17
6446.5973  2.9923e-15  3.9745e-17
6448.3902  2.8625e-15  3.9128e-17
6450.1830  2.7382e-15  3.8553e-17
6451.9759  2.6341e-15  3.8108e-17
6453.7688  2.5578e-15  3.7775e-17
6455.5616  2.4974e-15  3.7436e-17
6457.3545  2.4946e-15  3.7411e-17
6459.1474  2.4591e-15  3.7391e-17
6460.9403  2.4184e-15  3.7292e-17
6462.7331  2.4274e-15  3.7387e-17
6464.5260  2.4273e-15  3.7466e-17
6466.3189  2.3897e-15  3.7409e-17
6468.1117  2.3326e-15  3.7223e-17
6469.9046  2.3399e-15  3.7145e-17
6471.6975  2.3832e-15  3.7200e-17
6473.4904  2.4047e-15  3.7208e-17
6475.2832  2.3957e-15  3.7081e-17
6477.0761  2.3775e-15  3.6869e-17
6478.8690  2.3783e-15  3.6684e-17
6480.6618  2.3737e-15  3.6544e-17
6482.4547  2.3889e-15  3.6553e-17
6484.2476  2.4150e-15  3.6637e-17
6486.0405  2.4068e-15  3.6583e-17
6487.8333  2.4024e-15  3.6515e-17
6489.6262  2.4242e-15  3.6573e-17
6491.4191  2.4362e-15  3.6710e-17
6493.2120  2.4451e-15  3.6914e-17
6495.0048  2.4953e-15  3.7218e-17
6496.7977  2.5486e-15  3.7480e-17
6498.5906  2.5725e-15  3.7620e-17
6500.3834  2.6119e-15  3.7850e-17
6502.1763  2.6790e-15  3.8217e-17
6503.9692  2.7303e-15  3.8437e-17
6505.7621  2.7681e-15  3.8454e-17
6507.5549  2.7862e-15  3.8376e-17
6509.3478  2.7676e-15  3.8222e-17
6511.1407  2.7445e-15  3.8019e-17
6512.9335  2.7241e-15  3.7795e-17
6514.7264  2.7089e-15  3.7651e-17
6516.5193  2.6927e-15  3.7569e-17
6518.3122  2.6670e-15  3.7463e-17
6520.1050  2.6348e-15  3.7328e-17
6521.8979  2.5906e-15  3.7138e-17
6523.6908  2.5332e-15  3.6860e-17
6525.4836  2.4857e-15  3.6674e-17
6527.2765  2.4791e-15  3.6759e-17
6529.0694  2.4863e-15  3.6869e-17
6530.8623  2.4780e-15  3.6831e-17
6532.6551  2.4834e-15  3.6800e-17
6534.4480  2.4992e-15  3.6821e-17
6536.2409  2.5028e-15  3.6845e-17
6538.0337  2.4924e-15  3.6815e-17
6539.8266  2.4734e-15  3.6718e-17
6541.6195  2.4875e-15  3.6686e-17
6543.4124  2.5328e-15  3.6740e-17
6545.2052  2.5628e-15  3.6823e-17
6546.9981  2.5747e-15  3.6934e-17
6548.7910  2.5834e-15  3.7052e-17
6550.5839  2.5904e-15  3.7121e-17
6552.3767  2.5937e-15  3.7070e-17
6554.1696  2.6047e-15  3.6986e-17
6555.9625  2.6089e-15  3.6921e-17
6557.7553  2.5981e-15  3.6820e-17
6559.5482  2.6060e-15  3.6796e-17
6561.3411  2.6495e-15  3.6889e-17
6563.1340  2.6928e-15  3.6956e-17
6564.9268  2.6959e-15  3.6911e-17
6566.7197  2.7179e-15  3.6966e-17
6568.5126  2.7913e-15  3.7244e-17
6570.3054  2.8182e-15  3.7446e-17
6572.0983  2.8051e-15  3.7556e-17
6573.8912  2.8030e-15  3.7659e-17
6575.6841  2.8233e-15  3.7752e-17
6577.4769  2.8860e-15  3.7949e-17
6579.2698  2.9262e-15  3.8068e-17
6581.0627  2.9546e-15  3.8173e-17
6582.8555  2.9797e-15  3.8261e-17
6584.6484  2.9912e-15  3.8220e-17
6586.4413  3.0299e-15  3.8234e-17
6588.2342  3.0657e-15  3.8289e-17
6590.0270  3.0821e-15  3.8317e-17
6591.8199  3.1078e-15  3.8403e-17
6593.6128  3.1441e-15  3.8552e-17
6595.4057  3.1826e-15  3.8696e-17
6597.1985  3.2347e-15  3.8938e-17
6598.9914  3.2752e-15  3.9161e-17
6600.7843  3.2877e-15  3.9232e-17
6602.5771  3.3321e-15  3.9401e-17
6604.3700  3.4222e-15  3.9721e-17
6606.1629  3.4802e-15  3.9915e-17
6607.9558  3.4923e-15  3.9997e-17
6609.7486  3.5031e-15  4.0030e-17
6611.5415  3.5210e-15  4.0010e-17
6613.3344  3.6035e-15  4.0247e-17
6615.1272  3.7064e-15  4.0537e-17
6616.9201  3.7304e-15  4.0594e-17
6618.7130  3.7835e-15  4.0825e-17
6620.5059  3.8676e-15  4.1173e-17
6622.2987  3.9726e-15  4.1561e-17
6624.0916  4.0753e-15  4.1877e-17
6625.8845  4.1290e-15  4.1974e-17
6627.6773  4.1857e-15  4.2136e-17
6629.4702  4.2056e-15  4.2240e-17
6631.2631  4.2044e-15  4.2252e-17
6633.0560  4.2724e-15  4.2438e-17
6634.8488  4.3330e-15  4.2607e-17
6636.6417  4.3611e-15  4.2741e-17
6638.4346  4.4308e-15  4.3015e-17
6640.2275  4.4915e-15  4.3169e-17
6642.0203  4.5671e-15  4.3336e-17
6643.8132  4.6807e-15  4.3677e-17
6645.6061  4.7945e-15  4.4041e-17
6647.3989  4.9035e-15  4.4370e-17
6649.1918  5.0162e-15  4.4696e-17
6650.9847  5.1053e-15  4.5018e-17
6652.7776  5.1904e-15  4.5320e-17
6654.5704  5.2797e-15  4.5610e-17
6656.3633  5.3284e-15  4.5752e-17
6658.1562  5.4502e-15  4.6109e-17
6659.9490  5.5729e-15  4.6520e-17
6661.7419  5.6825e-15  4.6884e-17
6663.5348  5.7905e-15  4.7227e-17
6665.3277  5.8589e-15  4.7472e-17
6667.1205  5.9813e-15  4.7877e-17
6668.9134  6.0950e-15  4.8217e-17
6670.7063  6.2085e-15  4.8537e-17
6672.4991  6.3712e-15  4.9012e-17
6674.2920  6.5315e-15  4.9507e-17
6676.0849  6.6796e-15  5.0133e-17
6677.8778  6.9073e-15  5.0811e-17
6679.6706  7.1782e-15  5.1395e-17
6681.4635  7.4250e-15  5.2041e-17
6683.2564  7.7407e-15  5.2950e-17
6685.0493  8.1751e-15  5.4208e-17
6686.8421  8.7365e-15  5.5726e-17
6688.6350  9.3129e-15  5.7204e-17
6690.4279  9.8292e-15  5.8495e-17
6692.2207  1.0230e-14  5.9495e-17
6694.0136  1.0550e-14  6.0330e-17
6695.8065  1.0891e-14  6.1191e-17
6697.5994  1.1272e-14  6.2082e-17
6699.3922  1.1804e-14  6.4216e-17
6701.1851  1.2528e-14  6.6174e-17
6702.9780  1.3390e-14  6.7237e-17
6704.7708  1.4170e-14  6.8648e-17
6706.5637  1.4690e-14  6.9751e-17
6708.3566  1.4948e-14  7.0292e-17
6710.1495  1.4843e-14  7.0061e-17
6711.9423  1.4272e-14  6.8830e-17
6713.7352  1.3315e-14  6.6721e-17
6715.5281  1.2103e-14  6.3913e-17
6717.3209  1.1014e-14  6.1247e-17
6719.1138  1.0466e-14  5.9824e-17
6720.9067  1.0552e-14  6.0306e-17
6722.6996  1.1117e-14  6.1816e-17
6724.4924  1.1802e-14  6.3153e-17
6726.2853  1.2319e-14  6.4236e-17
6728.0782  1.2584e-14  6.4859e-17
6729.8710  1.2540e-14  6.4780e-17
6731.6639  1.2189e-14  6.3991e-17
6733.4568  1.1544e-14  6.2483e-17
6735.2497  1.0579e-14  6.0119e-17
6737.0425  9.4316e-15  5.7153e-17
6738.8354  8.3614e-15  5.4248e-17
6740.6283  7.5655e-15  5.1999e-17
6742.4212  7.0544e-15  5.0517e-17
6744.2140  6.6865e-15  4.9408e-17
6746.0069  6.3983e-15  4.8512e-17
6747.7998  6.2065e-15  4.7907e-17
6749.5926  6.0567e-15  4.7386e-17
6751.3855  5.9086e-15  4.6879e-17
6753.1784  5.7621e-15  4.6417e-17
6754.9713  5.5913e-15  4.5847e-17
6756.7641  5.4421e-15  4.5330e-17
6758.5570  5.3571e-15  4.5037e-17
6760.3499  5.2881e-15  4.4790e-17
6762.1427  5.2127e-15  4.4508e-17
6763.9356  5.1417e-15  4.4242e-17
6765.7285  5.0586e-15  4.3973e-17
6767.5214  4.9889e-15  4.3759e-17
6769.3142  4.9407e-15  4.3584e-17
6771.1071  4.8836e-15  4.3379e-17
6772.9000  4.8225e-15  4.3160e-17
6774.6928  4.7473e-15  4.2870e-17
6776.4857  4.6703e-15  4.2592e-17
6778.2786  4.5827e-15  4.2333e-17
6780.0715  4.4872e-15  4.2047e-17
6781.8643  4.4296e-15  4.1841e-17
6783.6572  4.3805e-15  4.1631e-17
6785.4501  4.3337e-15  4.1416e-17
6787.2430  4.2690e-15  4.1171e-17
6789.0358  4.1557e-15  4.0789e-17
6790.8287  4.0694e-15  4.0476e-17
6792.6216  4.0217e-15  4.0272e-17
6794.4144  3.9619e-15  3.9993e-17
6796.2073  3.8873e-15  3.9714e-17
6798.0002  3.8186e-15  3.9495e-17
6799.7931  3.7540e-15  3.9237e-17
6801.5859  3.6981e-15  3.8971e-17
6803.3788  3.6631e-15  3.8778e-17
6805.1717  3.6235e-15  3.8578e-17
6806.9645  3.5519e-15  3.8298e-17
6808.7574  3.4733e-15  3.8075e-17
6810.5503  3.4169e-15  3.7932e-17
6812.3432  3.3823e-15  3.7794e-17
6814.1360  3.3562e-15  3.7640e-17
6815.9289  3.2879e-15  3.7354e-17
6817.7218  3.2171e-15  3.7080e-17
6819.5146  3.1903e-15  3.6956e-17
6821.3075  3.1521e-15  3.6941e-17
6823.1004  3.0940e-15  3.7076e-17
6824.8933  3.0551e-15  3.7202e-17
6826.6861  3.0238e-15  3.7233e-17
6828.4790  2.9686e-15  3.7186e-17
6830.2719  2.9121e-15  3.7116e-17
6832.0648  2.8970e-15  3.7200e-17
6833.8576  2.8708e-15  3.7154e-17
6835.6505  2.8269e-15  3.6873e-17
6837.4434  2.8039e-15  3.6503e-17
6839.2362  2.7819e-15  3.6168e-17
6841.0291  2.7432e-15  3.5855e-17
6842.8220  2.6929e-15  3.5413e-17
6844.6149  2.6648e-15  3.5084e-17
6846.4077  2.6713e-15  3.4973e-17
6848.2006  2.6776e-15  3.4970e-17
6849.9935  2.6628e-15  3.4938e-17
6851.7863  2.6769e-15  3.4945e-17
6853.5792  2.7714e-15  3.5300e-17
6855.3721  2.9488e-15  3.6221e-17
6857.1650  3.2590e-15  3.7822e-17
6858.9578  3.6001e-15  3.9416e-17
6860.7507  3.8590e-15  4.0675e-17
6862.5436  4.0309e-15  4.1275e-17
6864.3364  4.0813e-15  4.1249e-17
6866.1293  4.0161e-15  4.0946e-17
6867.9222  3.8304e-15  4.0192e-17
6869.7151  3.6031e-15  3.9245e-17
6871.5079  3.4173e-15  3.8127e-17
6873.3008  3.2572e-15  3.7082e-17
6875.0937  3.2585e-15  3.6908e-17
6876.8866  3.4572e-15  3.7666e-17
6878.6794  3.5639e-15  3.8216e-17
6880.4723  3.6184e-15  3.8444e-17
6882.2652  3.6461e-15  3.8602e-17
6884.0580  3.5417e-15  3.8364e-17
6885.8509  3.3026e-15  3.7497e-17
6887.6438  2.9720e-15  3.6169e-17
6889.4367  2.6471e-15  3.4736e-17
6891.2295  2.3808e-15  3.3427e-17
6893.0224  2.2482e-15  3.2813e-17
6894.8153  2.2129e-15  3.2782e-17
6896.6081  2.2010e-15  3.2773e-17
6898.4010  2.1956e-15  3.2707e-17
6900.1939  2.1911e-15  3.2583e-17
6901.9868  2.1644e-15  3.2490e-17
6903.7796  2.1763e-15  3.2648e-17
6905.5725  2.2100e-15  3.2877e-17
6907.3654  2.2138e-15  3.3004e-17
6909.1582  2.2276e-15  3.3047e-17
6910.9511  2.2248e-15  3.2945e-17
6912.7440  2.2164e-15  3.2869e-17
6914.5369  2.2326e-15  3.4698e-17
6916.3297  2.2261e-15  3.6796e-17
6918.1226  2.2168e-15  3.7309e-17
6919.9155  2.2758e-15  3.5994e-17
6921.7084  2.3221e-15  3.4130e-17
6923.5012  2.3196e-15  3.3757e-17
6925.2941  2.3126e-15  3.3683e-17
6927.0870  2.2929e-15  3.3591e-17
6928.8798  2.2699e-15  3.3465e-17
6930.6727  2.2682e-15  3.3321e-17
6932.4656  2.2870e-15  3.3248e-17
6934.2585  2.2852e-15  3.3212e-17
6936.0513  2.2748e-15  3.3191e-17
6937.8442  2.2553e-15  3.3109e-17
6939.6371  2.2432e-15  3.3058e-17
6941.4299  2.2432e-15  3.3262e-17
6943.2228  2.2468e-15  3.3548e-17
6945.0157  2.2472e-15  3.3664e-17
6946.8086  2.2360e-15  3.3632e-17
6948.6014  2.2315e-15  3.3570e-17
6950.3943  2.2615e-15  3.3640e-17
6952.1872  2.2841e-15  3.3644e-17
6953.9800  2.2685e-15  3.3583e-17
6955.7729  2.2882e-15  3.3608e-17
6957.5658  2.2998e-15  3.3392e-17
6959.3587  2.2758e-15  3.3091e-17
6961.1515  2.2580e-15  3.3018e-17
6962.9444  2.2483e-15  3.3068e-17
6964.7373  2.2525e-15  3.3158e-17
6966.5301  2.2708e-15  3.3289e-17
6968.3230  2.2961e-15  3.3449e-17
6970.1159  2.3142e-15  3.3626e-17
6971.9088  2.3188e-15  3.3824e-17
6973.7016  2.3086e-15  3.3954e-17
6975.4945  2.2978e-15  3.3999e-17
6977.2874  2.3021e-15  3.4001e-17
6979.0803  2.3070e-15  3.3935e-17
6980.8731  2.3033e-15  3.3869e-17
6982.6660  2.2933e-15  3.3820e-17
6984.4589  2.2821e-15  3.3695e-17
6986.2517  2.2729e-15  3.3465e-17
6988.0446  2.2566e-15  3.3198e-17
6989.8375  2.2260e-15  3.2958e-17
6991.6304  2.1993e-15  3.2789e-17
6993.4232  2.2185e-15  3.2832e-17
6995.2161  2.2574e-15  3.3010e-17
6997.0090  2.2787e-15  3.3148e-17
6998.8018  2.3062e-15  3.3264e-17
7000.5947  2.3369e-15  3.3390e-17
7002.3876  2.3426e-15  3.3452e-17
7004.1805  2.3204e-15  3.3409e-17
7005.9733  2.2929e-15  3.3400e-17
7007.7662  2.2743e-15  3.3424e-17
7009.5591  2.2627e-15  3.3363e-17
7011.3519  2.2629e-15  3.3302e-17
7013.1448  2.2815e-15  3.3369e-17
7014.9377  2.2880e-15  3.3448e-17
7016.7306  2.2675e-15  3.3367e-17
7018.5234  2.2673e-15  3.3238e-17
7020.3163  2.2829e-15  3.3133e-17
7022.1092  2.2788e-15  3.3035e-17
7023.9021  2.2909e-15  3.3106e-17
7025.6949  2.3108e-15  3.3226e-17
7027.4878  2.3077e-15  3.3242e-17
7029.2807  2.3029e-15  3.3234e-17
7031.0735  2.2932e-15  3.3184e-17
7032.8664  2.2896e-15  3.3214e-17
7034.6593  2.3071e-15  3.3390e-17
7036.4522  2.3172e-15  3.3510e-17
7038.2450  2.3254e-15  3.3558e-17
7040.0379  2.3409e-15  3.3639e-17
7041.8308  2.3253e-15  3.3696e-17
7043.6236  2.2948e-15  3.3723e-17
7045.4165  2.2896e-15  3.3746e-17
7047.2094  2.3096e-15  3.3835e-17
7049.0023  2.3112e-15  3.3881e-17
7050.7951  2.2958e-15  3.3796e-17
7052.5880  2.2943e-15  3.3725e-17
7054.3809  2.3050e-15  3.3713e-17
7056.1737  2.3158e-15  3.3665e-17
7057.9666  2.2960e-15  3.3570e-17
7059.7595  2.2924e-15  3.3560e-17
7061.5524  2.3201e-15  3.3577e-17
7063.3452  2.3394e-15  3.3661e-17
7065.1381  2.3387e-15  3.3742e-17
7066.9310  2.3354e-15  3.3740e-17
7068.7239  2.3647e-15  3.3877e-17
7070.5167  2.4112e-15  3.4057e-17
7072.3096  2.4096e-15  3.4050e-17
7074.1025  2.3607e-15  3.3929e-17
7075.8953  2.3289e-15  3.3832e-17
7077.6882  2.3321e-15  3.3757e-17
7079.4811  2.3311e-15  3.3682e-17
7081.2740  2.3063e-15  3.3628e-17
7083.0668  2.3167e-15  3.3740e-17
7084.8597  2.3312e-15  3.3824e-17
7086.6526  2.3064e-15  3.3758e-17
7088.4454  2.3094e-15  3.3770e-17
7090.2383  2.3527e-15  3.3889e-17
7092.0312  2.3730e-15  3.4000e-17
7093.8241  2.3643e-15  3.3972e-17
7095.6169  2.3318e-15  3.3838e-17
7097.4098  2.2871e-15  3.3653e-17
7099.2027  2.2761e-15  3.3557e-17
7100.9955  2.3292e-15  3.3791e-17
7102.7884  2.3556e-15  3.3949e-17
7104.5813  2.2949e-15  3.3704e-17
7106.3742  2.3042e-15  3.3708e-17
7108.1670  2.3712e-15  3.3984e-17
7109.9599  2.3847e-15  3.4060e-17
7111.7528  2.3801e-15  3.4036e-17
7113.5457  2.3840e-15  3.4082e-17
7115.3385  2.4119e-15  3.4163e-17
7117.1314  2.3977e-15  3.4073e-17
7118.9243  2.3374e-15  3.3855e-17
7120.7171  2.3504e-15  3.3922e-17
7122.5100  2.3720e-15  3.4084e-17
7124.3029  2.3666e-15  3.4074e-17
7126.0958  2.3647e-15  3.4051e-17
7127.8886  2.3298e-15  3.3958e-17
7129.6815  2.3304e-15  3.4006e-17
7131.4744  2.3628e-15  3.4167e-17
7133.2672  2.3588e-15  3.4130e-17
7135.0601  2.3357e-15  3.4039e-17
7136.8530  2.3237e-15  3.4016e-17
7138.6459  2.3247e-15  3.4097e-17
7140.4387  2.3255e-15  3.4249e-17
7142.2316  2.3896e-15  3.4566e-17
7144.0245  2.4266e-15  3.4614e-17
7145.8173  2.3835e-15  3.4360e-17
7147.6102  2.3817e-15  3.4349e-17
7149.4031  2.3690e-15  3.4306e-17
7151.1960  2.3601e-15  3.4294e-17
7152.9888  2.4007e-15  3.4410e-17
7154.7817  2.3913e-15  3.4354e-17
7156.5746  2.3820e-15  3.4323e-17
7158.3674  2.4280e-15  3.4497e-17
7160.1603  2.4436e-15  3.4560e-17
7161.9532  2.4175e-15  3.4389e-17
7163.7461  2.3812e-15  3.4192e-17
7165.5389  2.3375e-15  3.4080e-17
7167.3318  2.3017e-15  3.3991e-17
7169.1247  2.2478e-15  3.3734e-17
7170.9176  2.1710e-15  3.3355e-17
7172.7104  2.1508e-15  3.3249e-17
7174.5033  2.1528e-15  3.3228e-17
7176.2962  2.1491e-15  3.3178e-17
7178.0890  2.1516e-15  3.3210e-17
7179.8819  2.1106e-15  3.3082e-17
7181.6748  2.0705e-15  3.2908e-17
7183.4677  2.1027e-15  3.2969e-17
7185.2605  2.1441e-15  3.3081e-17
7187.0534  2.1437e-15  3.3084e-17
7188.8463  2.1241e-15  3.3060e-17
7190.6391  2.1010e-15  3.2989e-17
7192.4320  2.1111e-15  3.3019e-17
7194.2249  2.1259e-15  3.3091e-17
7196.0178  2.1148e-15  3.3062e-17
7197.8106  2.1216e-15  3.3059e-17
7199.6035  2.1497e-15  3.3148e-17
7201.3964  2.1741e-15  3.3258e-17
7203.1892  2.1866e-15  3.3335e-17
7204.9821  2.2155e-15  3.3504e-17
7206.7750  2.2603e-15  3.3710e-17
7208.5679  2.2654e-15  3.3727e-17
7210.3607  2.2533e-15  3.3681e-17
7212.1536  2.2883e-15  3.3848e-17
7213.9465  2.3329e-15  3.4092e-17
7215.7394  2.3517e-15  3.4259e-17
7217.5322  2.3548e-15  3.4328e-17
7219.3251  2.3400e-15  3.4307e-17
7221.1180  2.3395e-15  3.4325e-17
7222.9108  2.3616e-15  3.4408e-17
7224.7037  2.3807e-15  3.4502e-17
7226.4966  2.3738e-15  3.4515e-17
7228.2895  2.3306e-15  3.4331e-17
7230.0823  2.2899e-15  3.4137e-17
7231.8752  2.2454e-15  3.4207e-17
7233.6681  2.1927e-15  3.4581e-17
7235.4609  2.1631e-15  3.5090e-17
7237.2538  2.1622e-15  3.5642e-17
7239.0467  2.1821e-15  3.6309e-17
7240.8396  2.1689e-15  3.6824e-17
7242.6324  2.1374e-15  3.7053e-17
7244.4253  2.1338e-15  3.7102e-17
7246.2182  2.1259e-15  3.6918e-17
7248.0110  2.1102e-15  3.6483e-17
7249.8039  2.1180e-15  3.5978e-17
7251.5968  2.1317e-15  3.5528e-17
7253.3897  2.1349e-15  3.4982e-17
7255.1825  2.1275e-15  3.4379e-17
7256.9754  2.0958e-15  3.3942e-17
7258.7683  2.0803e-15  3.3756e-17
7260.5612  2.0869e-15  3.3667e-17
7262.3540  2.0872e-15  3.3543e-17
7264.1469  2.0998e-15  3.3537e-17
7265.9398  2.1133e-15  3.3656e-17
7267.7326  2.1244e-15  3.3959e-17
7269.5255  2.1338e-15  3.4639e-17
7271.3184  2.1253e-15  3.5466e-17
7273.1113  2.1037e-15  3.5975e-17
7274.9041  2.0933e-15  3.6184e-17
7276.6970  2.1039e-15  3.6444e-17
7278.4899  2.1090e-15  3.6807e-17
7280.2827  2.1150e-15  3.7115e-17
7282.0756  2.1454e-15  3.7161e-17
7283.8685  2.1898e-15  3.6811e-17
7285.6614  2.2391e-15  3.6252e-17
7287.4542  2.3267e-15  3.6058e-17
7289.2471  2.4122e-15  3.6278e-17
7291.0400  2.4600e-15  3.6455e-17
7292.8328  2.5019e-15  3.6422e-17
7294.6257  2.5097e-15  3.6215e-17
7296.4186  2.4888e-15  3.6125e-17
7298.2115  2.4567e-15  3.6191e-17
7300.0043  2.3804e-15  3.6097e-17
7301.7972  2.3015e-15  3.5864e-17
7303.5901  2.2444e-15  3.5619e-17
7305.3830  2.1825e-15  3.5368e-17
7307.1758  2.1314e-15  3.5233e-17
7308.9687  2.1016e-15  3.5477e-17
7310.7616  2.1283e-15  3.6169e-17
7312.5544  2.1725e-15  3.6714e-17
7314.3473  2.1600e-15  3.6639e-17
7316.1402  2.1153e-15  3.6386e-17
7317.9331  2.0994e-15  3.6424e-17
7319.7259  2.1098e-15  3.6555e-17
7321.5188  2.1075e-15  3.6608e-17
7323.3117  2.1255e-15  3.6663e-17
7325.1045  2.1714e-15  3.6570e-17
7326.8974  2.1600e-15  3.6173e-17
7328.6903  2.1440e-15  3.5885e-17
7330.4832  2.1872e-15  3.6028e-17
7332.2760  2.2029e-15  3.6411e-17
7334.0689  2.1612e-15  3.6946e-17
7335.8618  2.1443e-15  3.7622e-17
7337.6546  2.1580e-15  3.8013e-17
7339.4475  2.1506e-15  3.7935e-17
7341.2404  2.1632e-15  3.7884e-17
7343.0333  2.1647e-15  3.7945e-17
7344.8261  2.1238e-15  3.7897e-17
7346.6190  2.1100e-15  3.7727e-17
7348.4119  2.1287e-15  3.7314e-17
7350.2047  2.1186e-15  3.6672e-17
7351.9976  2.1023e-15  3.6278e-17
7353.7905  2.0692e-15  3.6320e-17
7355.5834  2.0550e-15  3.6521e-17
7357.3762  2.0884e-15  3.6675e-17
7359.1691  2.0990e-15  3.6778e-17
7360.9620  2.1185e-15  3.7125e-17
7362.7549  2.1067e-15  3.7620e-17
7364.5477  2.1066e-15  3.8165e-17
7366.3406  2.1427e-15  3.8503e-17
7368.1335  2.1370e-15  3.8406e-17
7369.9263  2.1189e-15  3.8195e-17
7371.7192  2.1010e-15  3.8070e-17
7373.5121  2.1284e-15  3.8168e-17
7375.3050  2.1495e-15  3.8093e-17
7377.0978  2.1317e-15  3.7655e-17
7378.8907  2.1538e-15  3.7253e-17
7380.6836  2.1649e-15  3.6893e-17
7382.4764  2.1702e-15  3.6805e-17
7384.2693  2.1942e-15  3.7056e-17
7386.0622  2.1798e-15  3.7288e-17
7387.8551  2.1778e-15  3.7606e-17
7389.6479  2.1818e-15  3.7723e-17
7391.4408  2.1889e-15  3.7755e-17
7393.2337  2.2358e-15  3.8228e-17
7395.0265  2.2298e-15  3.8687e-17
7396.8194  2.1696e-15  3.8865e-17
7398.6123  2.1510e-15  3.9604e-17
7400.4052  2.1771e-15  4.0452e-17
7402.1980  2.1923e-15  3.9999e-17
7403.9909  2.1835e-15  3.9305e-17
7405.7838  2.1864e-15  3.9340e-17
7407.5767  2.1975e-15  3.9347e-17
7409.3695  2.2280e-15  3.9267e-17
7411.1624  2.2705e-15  3.9155e-17
7412.9553  2.2980e-15  3.9060e-17
7414.7481  2.3247e-15  3.9137e-17
7416.5410  2.3368e-15  3.9179e-17
7418.3339  2.3364e-15  3.9276e-17
7420.1268  2.3184e-15  3.9435e-17
7421.9196  2.2872e-15  3.9448e-17
7423.7125  2.2627e-15  3.9439e-17
7425.5054  2.2639e-15  3.9546e-17
7427.2982  2.2668e-15  3.9615e-17
7429.0911  2.2326e-15  3.9624e-17
7430.8840  2.1976e-15  3.9725e-17
7432.6769  2.1685e-15  3.9846e-17
7434.4697  2.1659e-15  4.0057e-17
7436.2626  2.1678e-15  4.0148e-17
7438.0555  2.1363e-15  4.0020e-17
7439.8483  2.1328e-15  4.0064e-17
7441.6412  2.1604e-15  4.0200e-17
7443.4341  2.1623e-15  4.0133e-17
7445.2270  2.1322e-15  3.9938e-17
7447.0198  2.1239e-15  3.9881e-17
7448.8127  2.1222e-15  3.9784e-17
7450.6056  2.1088e-15  3.9668e-17
7452.3985  2.1084e-15  3.9762e-17
7454.1913  2.1063e-15  3.9883e-17
7455.9842  2.1022e-15  3.9983e-17
7457.7771  2.1068e-15  4.0125e-17
7459.5699  2.1151e-15  4.0288e-17
7461.3628  2.1233e-15  4.0451e-17
7463.1557  2.1315e-15  4.0613e-17
7464.9486  2.1397e-15  4.0775e-17
7466.7414  2.1478e-15  4.0937e-17
7468.5343  2.1559e-15  4.1097e-17
7470.3272  2.1640e-15  4.1257e-17
7472.1200  2.1723e-15  4.1415e-17
7473.9129  2.1808e-15  4.1571e-17
7475.7058  2.1893e-15  4.1726e-17
7477.4987  2.1977e-15  4.1879e-17
7479.2915  2.2061e-15  4.2030e-17
7481.0844  2.2142e-15  4.2178e-17
7482.8773  2.2223e-15  4.2323e-17
7484.6701  2.2302e-15  4.2465e-17
7486.4630  2.2379e-15  4.2604e-17
7488.2559  2.2454e-15  4.2740e-17
7490.0488  2.2527e-15  4.2871e-17
7491.8416  2.2598e-15  4.2998e-17
7493.6345  2.2666e-15  4.3121e-17
7495.4274  2.2732e-15  4.3239e-17
7497.2203  2.2795e-15  4.3351e-17
7499.0131  2.2855e-15  4.3458e-17
7500.8060  2.2912e-15  4.3559e-17
7502.5989  2.2966e-15  4.3653e-17
7504.3917  2.3018e-15  4.3741e-17
7506.1846  2.3069e-15  4.3822e-17
